match_id,season,start_date,venue,innings,ball,batting_team,bowling_team,striker,non_striker,bowler,runs_off_bat,extras,wides,noballs,byes,legbyes,penalty,wicket_type,player_dismissed,other_wicket_type,other_player_dismissed
1227610,2020,2020-08-15,"County Ground, Hove",1,0.1,Sussex,Essex,PD Salt,TJ Haines,JA Porter,0,0,,,,,,,,,
1227610,2020,2020-08-15,"County Ground, Hove",1,0.2,Sussex,Essex,PD Salt,TJ Haines,JA Porter,0,0,,,,,,,,,
1227610,2020,2020-08-15,"County Ground, Hove",1,0.3,Sussex,Essex,PD Salt,TJ Haines,JA Porter,4,0,,,,,,,,,
1227610,2020,2020-08-15,"County Ground, Hove",1,0.4,Sussex,Essex,PD Salt,TJ Haines,JA Porter,0,0,,,,,,,,,
1227610,2020,2020-08-15,"County Ground, Hove",1,0.5,Sussex,Essex,PD Salt,TJ Haines,JA Porter,0,0,,,,,,,,,
1227610,2020,2020-08-15,"County Ground, Hove",1,0.6,Sussex,Essex,PD Salt,TJ Haines,JA Porter,1,0,,,,,,,,,
1227610,2020,2020-08-15,"County Ground, Hove",1,1.1,Sussex,Essex,PD Salt,TJ Haines,MR Quinn,0,0,,,,,,,,,
1227610,2020,2020-08-15,"County Ground, Hove",1,1.2,Sussex,Essex,PD Salt,TJ Haines,MR Quinn,0,0,,,,,,,,,
1227610,2020,2020-08-15,"County Ground, Hove",1,1.3,Sussex,Essex,PD Salt,TJ Haines,MR Quinn,1,0,,,,,,,,,
1227610,2020,2020-08-15,"County Ground, Hove",1,1.4,Sussex,Essex,TJ Haines,PD Salt,MR Quinn,0,0,,,,,,,,,
1227610,2020,2020-08-15,"County Ground, Hove",1,1.5,Sussex,Essex,TJ Haines,PD Salt,MR Quinn,0,0,,,,,,,,,
1227610,2020,2020-08-15,"County Ground, Hove",1,1.6,Sussex,Essex,TJ Haines,PD Salt,MR Quinn,0,0,,,,,,,,,
1227610,2020,2020-08-15,"County Ground, Hove",1,2.1,Sussex,Essex,PD Salt,TJ Haines,JA Porter,0,0,,,,,,,,,
1227610,2020,2020-08-15,"County Ground, Hove",1,2.2,Sussex,Essex,PD Salt,TJ Haines,JA Porter,0,0,,,,,,,,,
1227610,2020,2020-08-15,"County Ground, Hove",1,2.3,Sussex,Essex,PD Salt,TJ Haines,JA Porter,0,0,,,,,,,,,
1227610,2020,2020-08-15,"County Ground, Hove",1,2.4,Sussex,Essex,PD Salt,TJ Haines,JA Porter,0,0,,,,,,,,,
1227610,2020,2020-08-15,"County Ground, Hove",1,2.5,Sussex,Essex,PD Salt,TJ Haines,JA Porter,4,0,,,,,,,,,
1227610,2020,2020-08-15,"County Ground, Hove",1,2.6,Sussex,Essex,PD Salt,TJ Haines,JA Porter,0,0,,,,,,,,,
1227610,2020,2020-08-15,"County Ground, Hove",1,3.1,Sussex,Essex,TJ Haines,PD Salt,MR Quinn,0,0,,,,,,,,,
1227610,2020,2020-08-15,"County Ground, Hove",1,3.2,Sussex,Essex,TJ Haines,PD Salt,MR Quinn,0,0,,,,,,,,,
1227610,2020,2020-08-15,"County Ground, Hove",1,3.3,Sussex,Essex,TJ Haines,PD Salt,MR Quinn,0,0,,,,,,,,,
1227610,2020,2020-08-15,"County Ground, Hove",1,3.4,Sussex,Essex,TJ Haines,PD Salt,MR Quinn,0,0,,,,,,,,,
1227610,2020,2020-08-15,"County Ground, Hove",1,3.5,Sussex,Essex,TJ Haines,PD Salt,MR Quinn,0,0,,,,,,,,,
1227610,2020,2020-08-15,"County Ground, Hove",1,3.6,Sussex,Essex,TJ Haines,PD Salt,MR Quinn,0,0,,,,,,,,,
1227610,2020,2020-08-15,"County Ground, Hove",1,4.1,Sussex,Essex,PD Salt,TJ Haines,JA Porter,0,0,,,,,,,,,
1227610,2020,2020-08-15,"County Ground, Hove",1,4.2,Sussex,Essex,PD Salt,TJ Haines,JA Porter,0,0,,,,,,,,,
1227610,2020,2020-08-15,"County Ground, Hove",1,4.3,Sussex,Essex,PD Salt,TJ Haines,JA Porter,4,0,,,,,,,,,
1227610,2020,2020-08-15,"County Ground, Hove",1,4.4,Sussex,Essex,PD Salt,TJ Haines,JA Porter,0,0,,,,,,,,,
1227610,2020,2020-08-15,"County Ground, Hove",1,4.5,Sussex,Essex,PD Salt,TJ Haines,JA Porter,0,0,,,,,,,,,
1227610,2020,2020-08-15,"County Ground, Hove",1,4.6,Sussex,Essex,PD Salt,TJ Haines,JA Porter,0,0,,,,,,,,,
1227610,2020,2020-08-15,"County Ground, Hove",1,5.1,Sussex,Essex,TJ Haines,PD Salt,MR Quinn,0,0,,,,,,,,,
1227610,2020,2020-08-15,"County Ground, Hove",1,5.2,Sussex,Essex,TJ Haines,PD Salt,MR Quinn,2,0,,,,,,,,,
1227610,2020,2020-08-15,"County Ground, Hove",1,5.3,Sussex,Essex,TJ Haines,PD Salt,MR Quinn,0,0,,,,,,,,,
1227610,2020,2020-08-15,"County Ground, Hove",1,5.4,Sussex,Essex,TJ Haines,PD Salt,MR Quinn,0,0,,,,,,,,,
1227610,2020,2020-08-15,"County Ground, Hove",1,5.5,Sussex,Essex,TJ Haines,PD Salt,MR Quinn,0,0,,,,,,,,,
1227610,2020,2020-08-15,"County Ground, Hove",1,5.6,Sussex,Essex,TJ Haines,PD Salt,MR Quinn,0,0,,,,,,,,,
1227610,2020,2020-08-15,"County Ground, Hove",1,6.1,Sussex,Essex,PD Salt,TJ Haines,JA Porter,0,0,,,,,,,,,
1227610,2020,2020-08-15,"County Ground, Hove",1,6.2,Sussex,Essex,PD Salt,TJ Haines,JA Porter,0,0,,,,,,,,,
1227610,2020,2020-08-15,"County Ground, Hove",1,6.3,Sussex,Essex,PD Salt,TJ Haines,JA Porter,0,0,,,,,,,,,
1227610,2020,2020-08-15,"County Ground, Hove",1,6.4,Sussex,Essex,PD Salt,TJ Haines,JA Porter,0,0,,,,,,,,,
1227610,2020,2020-08-15,"County Ground, Hove",1,6.5,Sussex,Essex,PD Salt,TJ Haines,JA Porter,0,0,,,,,,,,,
1227610,2020,2020-08-15,"County Ground, Hove",1,6.6,Sussex,Essex,PD Salt,TJ Haines,JA Porter,4,0,,,,,,,,,
1227610,2020,2020-08-15,"County Ground, Hove",1,7.1,Sussex,Essex,TJ Haines,PD Salt,MR Quinn,4,0,,,,,,,,,
1227610,2020,2020-08-15,"County Ground, Hove",1,7.2,Sussex,Essex,TJ Haines,PD Salt,MR Quinn,0,0,,,,,,,,,
1227610,2020,2020-08-15,"County Ground, Hove",1,7.3,Sussex,Essex,TJ Haines,PD Salt,MR Quinn,0,0,,,,,,,,,
1227610,2020,2020-08-15,"County Ground, Hove",1,7.4,Sussex,Essex,TJ Haines,PD Salt,MR Quinn,0,0,,,,,,,,,
1227610,2020,2020-08-15,"County Ground, Hove",1,7.5,Sussex,Essex,TJ Haines,PD Salt,MR Quinn,0,0,,,,,,,,,
1227610,2020,2020-08-15,"County Ground, Hove",1,7.6,Sussex,Essex,TJ Haines,PD Salt,MR Quinn,4,0,,,,,,,,,
1227610,2020,2020-08-15,"County Ground, Hove",1,8.1,Sussex,Essex,PD Salt,TJ Haines,AP Beard,0,0,,,,,,,,,
1227610,2020,2020-08-15,"County Ground, Hove",1,8.2,Sussex,Essex,PD Salt,TJ Haines,AP Beard,0,0,,,,,,,,,
1227610,2020,2020-08-15,"County Ground, Hove",1,8.3,Sussex,Essex,PD Salt,TJ Haines,AP Beard,0,0,,,,,,,,,
1227610,2020,2020-08-15,"County Ground, Hove",1,8.4,Sussex,Essex,PD Salt,TJ Haines,AP Beard,1,0,,,,,,,,,
1227610,2020,2020-08-15,"County Ground, Hove",1,8.5,Sussex,Essex,TJ Haines,PD Salt,AP Beard,0,0,,,,,,,,,
1227610,2020,2020-08-15,"County Ground, Hove",1,8.6,Sussex,Essex,TJ Haines,PD Salt,AP Beard,0,0,,,,,,,,,
1227610,2020,2020-08-15,"County Ground, Hove",1,9.1,Sussex,Essex,PD Salt,TJ Haines,MR Quinn,0,0,,,,,,,,,
1227610,2020,2020-08-15,"County Ground, Hove",1,9.2,Sussex,Essex,PD Salt,TJ Haines,MR Quinn,0,0,,,,,,,,,
1227610,2020,2020-08-15,"County Ground, Hove",1,9.3,Sussex,Essex,PD Salt,TJ Haines,MR Quinn,0,0,,,,,,,,,
1227610,2020,2020-08-15,"County Ground, Hove",1,9.4,Sussex,Essex,PD Salt,TJ Haines,MR Quinn,0,0,,,,,,,,,
1227610,2020,2020-08-15,"County Ground, Hove",1,9.5,Sussex,Essex,PD Salt,TJ Haines,MR Quinn,0,0,,,,,,,,,
1227610,2020,2020-08-15,"County Ground, Hove",1,9.6,Sussex,Essex,PD Salt,TJ Haines,MR Quinn,0,0,,,,,,,,,
1227610,2020,2020-08-15,"County Ground, Hove",1,10.1,Sussex,Essex,TJ Haines,PD Salt,AP Beard,0,0,,,,,,,,,
1227610,2020,2020-08-15,"County Ground, Hove",1,10.2,Sussex,Essex,TJ Haines,PD Salt,AP Beard,0,0,,,,,,,,,
1227610,2020,2020-08-15,"County Ground, Hove",1,10.3,Sussex,Essex,TJ Haines,PD Salt,AP Beard,0,0,,,,,,,,,
1227610,2020,2020-08-15,"County Ground, Hove",1,10.4,Sussex,Essex,TJ Haines,PD Salt,AP Beard,4,0,,,,,,,,,
1227610,2020,2020-08-15,"County Ground, Hove",1,10.5,Sussex,Essex,TJ Haines,PD Salt,AP Beard,0,0,,,,,,,,,
1227610,2020,2020-08-15,"County Ground, Hove",1,10.6,Sussex,Essex,TJ Haines,PD Salt,AP Beard,0,0,,,,,,,,,
1227610,2020,2020-08-15,"County Ground, Hove",1,11.1,Sussex,Essex,PD Salt,TJ Haines,MR Quinn,0,0,,,,,,,,,
1227610,2020,2020-08-15,"County Ground, Hove",1,11.2,Sussex,Essex,PD Salt,TJ Haines,MR Quinn,0,0,,,,,,,,,
1227610,2020,2020-08-15,"County Ground, Hove",1,11.3,Sussex,Essex,PD Salt,TJ Haines,MR Quinn,4,0,,,,,,,,,
1227610,2020,2020-08-15,"County Ground, Hove",1,11.4,Sussex,Essex,PD Salt,TJ Haines,MR Quinn,0,0,,,,,,,,,
1227610,2020,2020-08-15,"County Ground, Hove",1,11.5,Sussex,Essex,PD Salt,TJ Haines,MR Quinn,0,0,,,,,,,,,
1227610,2020,2020-08-15,"County Ground, Hove",1,11.6,Sussex,Essex,PD Salt,TJ Haines,MR Quinn,0,0,,,,,,,,,
1227610,2020,2020-08-15,"County Ground, Hove",1,12.1,Sussex,Essex,TJ Haines,PD Salt,AP Beard,0,0,,,,,,,,,
1227610,2020,2020-08-15,"County Ground, Hove",1,12.2,Sussex,Essex,TJ Haines,PD Salt,AP Beard,0,0,,,,,,,,,
1227610,2020,2020-08-15,"County Ground, Hove",1,12.3,Sussex,Essex,TJ Haines,PD Salt,AP Beard,0,0,,,,,,,,,
1227610,2020,2020-08-15,"County Ground, Hove",1,12.4,Sussex,Essex,TJ Haines,PD Salt,AP Beard,0,1,,,1,,,,,,
1227610,2020,2020-08-15,"County Ground, Hove",1,12.5,Sussex,Essex,PD Salt,TJ Haines,AP Beard,0,0,,,,,,,,,
1227610,2020,2020-08-15,"County Ground, Hove",1,12.6,Sussex,Essex,PD Salt,TJ Haines,AP Beard,0,0,,,,,,,,,
1227610,2020,2020-08-15,"County Ground, Hove",1,13.1,Sussex,Essex,TJ Haines,PD Salt,JA Porter,0,0,,,,,,,,,
1227610,2020,2020-08-15,"County Ground, Hove",1,13.2,Sussex,Essex,TJ Haines,PD Salt,JA Porter,0,0,,,,,,,,,
1227610,2020,2020-08-15,"County Ground, Hove",1,13.3,Sussex,Essex,TJ Haines,PD Salt,JA Porter,0,0,,,,,,caught,TJ Haines,,
1227610,2020,2020-08-15,"County Ground, Hove",1,13.4,Sussex,Essex,HZ Finch,PD Salt,JA Porter,0,0,,,,,,,,,
1227610,2020,2020-08-15,"County Ground, Hove",1,13.5,Sussex,Essex,HZ Finch,PD Salt,JA Porter,0,0,,,,,,,,,
1227610,2020,2020-08-15,"County Ground, Hove",1,13.6,Sussex,Essex,HZ Finch,PD Salt,JA Porter,0,0,,,,,,,,,
1227610,2020,2020-08-15,"County Ground, Hove",1,14.1,Sussex,Essex,PD Salt,HZ Finch,AP Beard,0,0,,,,,,,,,
1227610,2020,2020-08-15,"County Ground, Hove",1,14.2,Sussex,Essex,PD Salt,HZ Finch,AP Beard,0,0,,,,,,,,,
1227610,2020,2020-08-15,"County Ground, Hove",1,14.3,Sussex,Essex,PD Salt,HZ Finch,AP Beard,0,0,,,,,,,,,
1227610,2020,2020-08-15,"County Ground, Hove",1,14.4,Sussex,Essex,PD Salt,HZ Finch,AP Beard,0,0,,,,,,,,,
1227610,2020,2020-08-15,"County Ground, Hove",1,14.5,Sussex,Essex,PD Salt,HZ Finch,AP Beard,0,0,,,,,,,,,
1227610,2020,2020-08-15,"County Ground, Hove",1,14.6,Sussex,Essex,PD Salt,HZ Finch,AP Beard,0,0,,,,,,,,,
1227610,2020,2020-08-15,"County Ground, Hove",1,15.1,Sussex,Essex,HZ Finch,PD Salt,JA Porter,0,0,,,,,,,,,
1227610,2020,2020-08-15,"County Ground, Hove",1,15.2,Sussex,Essex,HZ Finch,PD Salt,JA Porter,0,0,,,,,,,,,
1227610,2020,2020-08-15,"County Ground, Hove",1,15.3,Sussex,Essex,HZ Finch,PD Salt,JA Porter,0,0,,,,,,,,,
1227610,2020,2020-08-15,"County Ground, Hove",1,15.4,Sussex,Essex,HZ Finch,PD Salt,JA Porter,0,0,,,,,,,,,
1227610,2020,2020-08-15,"County Ground, Hove",1,15.5,Sussex,Essex,HZ Finch,PD Salt,JA Porter,0,0,,,,,,,,,
1227610,2020,2020-08-15,"County Ground, Hove",1,15.6,Sussex,Essex,HZ Finch,PD Salt,JA Porter,0,0,,,,,,,,,
1227610,2020,2020-08-15,"County Ground, Hove",1,16.1,Sussex,Essex,PD Salt,HZ Finch,AP Beard,4,0,,,,,,,,,
1227610,2020,2020-08-15,"County Ground, Hove",1,16.2,Sussex,Essex,PD Salt,HZ Finch,AP Beard,0,0,,,,,,,,,
1227610,2020,2020-08-15,"County Ground, Hove",1,16.3,Sussex,Essex,PD Salt,HZ Finch,AP Beard,0,0,,,,,,,,,
1227610,2020,2020-08-15,"County Ground, Hove",1,16.4,Sussex,Essex,PD Salt,HZ Finch,AP Beard,0,0,,,,,,,,,
1227610,2020,2020-08-15,"County Ground, Hove",1,16.5,Sussex,Essex,PD Salt,HZ Finch,AP Beard,0,0,,,,,,,,,
1227610,2020,2020-08-15,"County Ground, Hove",1,16.6,Sussex,Essex,PD Salt,HZ Finch,AP Beard,1,0,,,,,,,,,
1227610,2020,2020-08-15,"County Ground, Hove",1,17.1,Sussex,Essex,PD Salt,HZ Finch,JA Porter,2,0,,,,,,,,,
1227610,2020,2020-08-15,"County Ground, Hove",1,17.2,Sussex,Essex,PD Salt,HZ Finch,JA Porter,0,0,,,,,,,,,
1227610,2020,2020-08-15,"County Ground, Hove",1,17.3,Sussex,Essex,PD Salt,HZ Finch,JA Porter,0,0,,,,,,,,,
1227610,2020,2020-08-15,"County Ground, Hove",1,17.4,Sussex,Essex,PD Salt,HZ Finch,JA Porter,2,0,,,,,,,,,
1227610,2020,2020-08-15,"County Ground, Hove",1,17.5,Sussex,Essex,PD Salt,HZ Finch,JA Porter,0,0,,,,,,,,,
1227610,2020,2020-08-15,"County Ground, Hove",1,17.6,Sussex,Essex,PD Salt,HZ Finch,JA Porter,4,0,,,,,,,,,
1227610,2020,2020-08-15,"County Ground, Hove",1,18.1,Sussex,Essex,HZ Finch,PD Salt,AP Beard,0,0,,,,,,,,,
1227610,2020,2020-08-15,"County Ground, Hove",1,18.2,Sussex,Essex,HZ Finch,PD Salt,AP Beard,1,0,,,,,,,,,
1227610,2020,2020-08-15,"County Ground, Hove",1,18.3,Sussex,Essex,PD Salt,HZ Finch,AP Beard,1,0,,,,,,,,,
1227610,2020,2020-08-15,"County Ground, Hove",1,18.4,Sussex,Essex,HZ Finch,PD Salt,AP Beard,0,0,,,,,,,,,
1227610,2020,2020-08-15,"County Ground, Hove",1,18.5,Sussex,Essex,HZ Finch,PD Salt,AP Beard,4,0,,,,,,,,,
1227610,2020,2020-08-15,"County Ground, Hove",1,18.6,Sussex,Essex,HZ Finch,PD Salt,AP Beard,0,0,,,,,,,,,
1227610,2020,2020-08-15,"County Ground, Hove",1,19.1,Sussex,Essex,PD Salt,HZ Finch,JA Porter,4,0,,,,,,,,,
1227610,2020,2020-08-15,"County Ground, Hove",1,19.2,Sussex,Essex,PD Salt,HZ Finch,JA Porter,1,0,,,,,,,,,
1227610,2020,2020-08-15,"County Ground, Hove",1,19.3,Sussex,Essex,HZ Finch,PD Salt,JA Porter,4,0,,,,,,,,,
1227610,2020,2020-08-15,"County Ground, Hove",1,19.4,Sussex,Essex,HZ Finch,PD Salt,JA Porter,0,0,,,,,,,,,
1227610,2020,2020-08-15,"County Ground, Hove",1,19.5,Sussex,Essex,HZ Finch,PD Salt,JA Porter,0,0,,,,,,,,,
1227610,2020,2020-08-15,"County Ground, Hove",1,19.6,Sussex,Essex,HZ Finch,PD Salt,JA Porter,0,0,,,,,,,,,
1227610,2020,2020-08-15,"County Ground, Hove",1,20.1,Sussex,Essex,PD Salt,HZ Finch,MR Quinn,0,0,,,,,,,,,
1227610,2020,2020-08-15,"County Ground, Hove",1,20.2,Sussex,Essex,PD Salt,HZ Finch,MR Quinn,0,0,,,,,,,,,
1227610,2020,2020-08-15,"County Ground, Hove",1,20.3,Sussex,Essex,PD Salt,HZ Finch,MR Quinn,0,0,,,,,,,,,
1227610,2020,2020-08-15,"County Ground, Hove",1,20.4,Sussex,Essex,PD Salt,HZ Finch,MR Quinn,4,0,,,,,,,,,
1227610,2020,2020-08-15,"County Ground, Hove",1,20.5,Sussex,Essex,PD Salt,HZ Finch,MR Quinn,0,0,,,,,,,,,
1227610,2020,2020-08-15,"County Ground, Hove",1,20.6,Sussex,Essex,PD Salt,HZ Finch,MR Quinn,1,0,,,,,,,,,
1227610,2020,2020-08-15,"County Ground, Hove",1,21.1,Sussex,Essex,PD Salt,HZ Finch,JA Porter,0,0,,,,,,,,,
1227610,2020,2020-08-15,"County Ground, Hove",1,21.2,Sussex,Essex,PD Salt,HZ Finch,JA Porter,0,0,,,,,,,,,
1227610,2020,2020-08-15,"County Ground, Hove",1,21.3,Sussex,Essex,PD Salt,HZ Finch,JA Porter,0,0,,,,,,,,,
1227610,2020,2020-08-15,"County Ground, Hove",1,21.4,Sussex,Essex,PD Salt,HZ Finch,JA Porter,1,0,,,,,,,,,
1227610,2020,2020-08-15,"County Ground, Hove",1,21.5,Sussex,Essex,HZ Finch,PD Salt,JA Porter,0,0,,,,,,,,,
1227610,2020,2020-08-15,"County Ground, Hove",1,21.6,Sussex,Essex,HZ Finch,PD Salt,JA Porter,0,0,,,,,,,,,
1227610,2020,2020-08-15,"County Ground, Hove",1,22.1,Sussex,Essex,PD Salt,HZ Finch,MR Quinn,4,0,,,,,,,,,
1227610,2020,2020-08-15,"County Ground, Hove",1,22.2,Sussex,Essex,PD Salt,HZ Finch,MR Quinn,4,0,,,,,,,,,
1227610,2020,2020-08-15,"County Ground, Hove",1,22.3,Sussex,Essex,PD Salt,HZ Finch,MR Quinn,0,0,,,,,,,,,
1227610,2020,2020-08-15,"County Ground, Hove",1,22.4,Sussex,Essex,PD Salt,HZ Finch,MR Quinn,0,0,,,,,,,,,
1227610,2020,2020-08-15,"County Ground, Hove",1,22.5,Sussex,Essex,PD Salt,HZ Finch,MR Quinn,1,0,,,,,,,,,
1227610,2020,2020-08-15,"County Ground, Hove",1,22.6,Sussex,Essex,HZ Finch,PD Salt,MR Quinn,0,0,,,,,,,,,
1227610,2020,2020-08-15,"County Ground, Hove",1,23.1,Sussex,Essex,PD Salt,HZ Finch,JA Porter,0,0,,,,,,caught,PD Salt,,
1227610,2020,2020-08-15,"County Ground, Hove",1,23.2,Sussex,Essex,TGR Clark,HZ Finch,JA Porter,0,0,,,,,,,,,
1227610,2020,2020-08-15,"County Ground, Hove",1,23.3,Sussex,Essex,TGR Clark,HZ Finch,JA Porter,0,0,,,,,,,,,
1227610,2020,2020-08-15,"County Ground, Hove",1,23.4,Sussex,Essex,TGR Clark,HZ Finch,JA Porter,0,0,,,,,,,,,
1227610,2020,2020-08-15,"County Ground, Hove",1,23.5,Sussex,Essex,TGR Clark,HZ Finch,JA Porter,0,0,,,,,,,,,
1227610,2020,2020-08-15,"County Ground, Hove",1,23.6,Sussex,Essex,TGR Clark,HZ Finch,JA Porter,0,0,,,,,,,,,
1227610,2020,2020-08-15,"County Ground, Hove",1,24.1,Sussex,Essex,HZ Finch,TGR Clark,SR Harmer,1,0,,,,,,,,,
1227610,2020,2020-08-15,"County Ground, Hove",1,24.2,Sussex,Essex,TGR Clark,HZ Finch,SR Harmer,0,0,,,,,,,,,
1227610,2020,2020-08-15,"County Ground, Hove",1,24.3,Sussex,Essex,TGR Clark,HZ Finch,SR Harmer,0,0,,,,,,,,,
1227610,2020,2020-08-15,"County Ground, Hove",1,24.4,Sussex,Essex,TGR Clark,HZ Finch,SR Harmer,0,0,,,,,,,,,
1227610,2020,2020-08-15,"County Ground, Hove",1,24.5,Sussex,Essex,TGR Clark,HZ Finch,SR Harmer,0,0,,,,,,,,,
1227610,2020,2020-08-15,"County Ground, Hove",1,24.6,Sussex,Essex,TGR Clark,HZ Finch,SR Harmer,0,0,,,,,,,,,
1227610,2020,2020-08-15,"County Ground, Hove",1,25.1,Sussex,Essex,HZ Finch,TGR Clark,JA Porter,0,0,,,,,,,,,
1227610,2020,2020-08-15,"County Ground, Hove",1,25.2,Sussex,Essex,HZ Finch,TGR Clark,JA Porter,1,0,,,,,,,,,
1227610,2020,2020-08-15,"County Ground, Hove",1,25.3,Sussex,Essex,TGR Clark,HZ Finch,JA Porter,0,0,,,,,,,,,
1227610,2020,2020-08-15,"County Ground, Hove",1,25.4,Sussex,Essex,TGR Clark,HZ Finch,JA Porter,0,0,,,,,,,,,
1227610,2020,2020-08-15,"County Ground, Hove",1,25.5,Sussex,Essex,TGR Clark,HZ Finch,JA Porter,0,0,,,,,,,,,
1227610,2020,2020-08-15,"County Ground, Hove",1,25.6,Sussex,Essex,TGR Clark,HZ Finch,JA Porter,0,0,,,,,,,,,
1227610,2020,2020-08-15,"County Ground, Hove",1,26.1,Sussex,Essex,HZ Finch,TGR Clark,SR Harmer,0,0,,,,,,,,,
1227610,2020,2020-08-15,"County Ground, Hove",1,26.2,Sussex,Essex,HZ Finch,TGR Clark,SR Harmer,0,0,,,,,,,,,
1227610,2020,2020-08-15,"County Ground, Hove",1,26.3,Sussex,Essex,HZ Finch,TGR Clark,SR Harmer,0,0,,,,,,,,,
1227610,2020,2020-08-15,"County Ground, Hove",1,26.4,Sussex,Essex,HZ Finch,TGR Clark,SR Harmer,0,0,,,,,,,,,
1227610,2020,2020-08-15,"County Ground, Hove",1,26.5,Sussex,Essex,HZ Finch,TGR Clark,SR Harmer,0,0,,,,,,,,,
1227610,2020,2020-08-15,"County Ground, Hove",1,26.6,Sussex,Essex,HZ Finch,TGR Clark,SR Harmer,4,0,,,,,,,,,
1227610,2020,2020-08-15,"County Ground, Hove",1,27.1,Sussex,Essex,TGR Clark,HZ Finch,MR Quinn,0,0,,,,,,,,,
1227610,2020,2020-08-15,"County Ground, Hove",1,27.2,Sussex,Essex,TGR Clark,HZ Finch,MR Quinn,0,1,,,,1,,,,,
1227610,2020,2020-08-15,"County Ground, Hove",1,27.3,Sussex,Essex,HZ Finch,TGR Clark,MR Quinn,4,0,,,,,,,,,
1227610,2020,2020-08-15,"County Ground, Hove",1,27.4,Sussex,Essex,HZ Finch,TGR Clark,MR Quinn,0,0,,,,,,,,,
1227610,2020,2020-08-15,"County Ground, Hove",1,27.5,Sussex,Essex,HZ Finch,TGR Clark,MR Quinn,0,0,,,,,,,,,
1227610,2020,2020-08-15,"County Ground, Hove",1,27.6,Sussex,Essex,HZ Finch,TGR Clark,MR Quinn,0,0,,,,,,,,,
1227610,2020,2020-08-15,"County Ground, Hove",1,28.1,Sussex,Essex,TGR Clark,HZ Finch,SR Harmer,0,0,,,,,,,,,
1227610,2020,2020-08-15,"County Ground, Hove",1,28.2,Sussex,Essex,TGR Clark,HZ Finch,SR Harmer,0,0,,,,,,,,,
1227610,2020,2020-08-15,"County Ground, Hove",1,28.3,Sussex,Essex,TGR Clark,HZ Finch,SR Harmer,0,0,,,,,,,,,
1227610,2020,2020-08-15,"County Ground, Hove",1,28.4,Sussex,Essex,TGR Clark,HZ Finch,SR Harmer,0,0,,,,,,,,,
1227610,2020,2020-08-15,"County Ground, Hove",1,28.5,Sussex,Essex,TGR Clark,HZ Finch,SR Harmer,0,0,,,,,,,,,
1227610,2020,2020-08-15,"County Ground, Hove",1,28.6,Sussex,Essex,TGR Clark,HZ Finch,SR Harmer,0,0,,,,,,,,,
1227610,2020,2020-08-15,"County Ground, Hove",1,29.1,Sussex,Essex,HZ Finch,TGR Clark,MR Quinn,1,0,,,,,,,,,
1227610,2020,2020-08-15,"County Ground, Hove",1,29.2,Sussex,Essex,TGR Clark,HZ Finch,MR Quinn,0,0,,,,,,,,,
1227610,2020,2020-08-15,"County Ground, Hove",1,29.3,Sussex,Essex,TGR Clark,HZ Finch,MR Quinn,0,0,,,,,,,,,
1227610,2020,2020-08-15,"County Ground, Hove",1,29.4,Sussex,Essex,TGR Clark,HZ Finch,MR Quinn,0,0,,,,,,,,,
1227610,2020,2020-08-15,"County Ground, Hove",1,29.5,Sussex,Essex,TGR Clark,HZ Finch,MR Quinn,0,0,,,,,,,,,
1227610,2020,2020-08-15,"County Ground, Hove",1,29.6,Sussex,Essex,TGR Clark,HZ Finch,MR Quinn,0,0,,,,,,,,,
1227610,2020,2020-08-15,"County Ground, Hove",1,30.1,Sussex,Essex,HZ Finch,TGR Clark,SR Harmer,0,0,,,,,,,,,
1227610,2020,2020-08-15,"County Ground, Hove",1,30.2,Sussex,Essex,HZ Finch,TGR Clark,SR Harmer,0,0,,,,,,,,,
1227610,2020,2020-08-15,"County Ground, Hove",1,30.3,Sussex,Essex,HZ Finch,TGR Clark,SR Harmer,0,0,,,,,,,,,
1227610,2020,2020-08-15,"County Ground, Hove",1,30.4,Sussex,Essex,HZ Finch,TGR Clark,SR Harmer,0,0,,,,,,,,,
1227610,2020,2020-08-15,"County Ground, Hove",1,30.5,Sussex,Essex,HZ Finch,TGR Clark,SR Harmer,0,0,,,,,,,,,
1227610,2020,2020-08-15,"County Ground, Hove",1,30.6,Sussex,Essex,HZ Finch,TGR Clark,SR Harmer,0,0,,,,,,,,,
1227610,2020,2020-08-15,"County Ground, Hove",1,31.1,Sussex,Essex,TGR Clark,HZ Finch,JA Porter,0,0,,,,,,,,,
1227610,2020,2020-08-15,"County Ground, Hove",1,31.2,Sussex,Essex,TGR Clark,HZ Finch,JA Porter,0,0,,,,,,,,,
1227610,2020,2020-08-15,"County Ground, Hove",1,31.3,Sussex,Essex,TGR Clark,HZ Finch,JA Porter,4,0,,,,,,,,,
1227610,2020,2020-08-15,"County Ground, Hove",1,31.4,Sussex,Essex,TGR Clark,HZ Finch,JA Porter,0,0,,,,,,,,,
1227610,2020,2020-08-15,"County Ground, Hove",1,31.5,Sussex,Essex,TGR Clark,HZ Finch,JA Porter,0,0,,,,,,,,,
1227610,2020,2020-08-15,"County Ground, Hove",1,31.6,Sussex,Essex,TGR Clark,HZ Finch,JA Porter,0,0,,,,,,,,,
1227610,2020,2020-08-15,"County Ground, Hove",1,32.1,Sussex,Essex,HZ Finch,TGR Clark,SR Harmer,0,0,,,,,,,,,
1227610,2020,2020-08-15,"County Ground, Hove",1,32.2,Sussex,Essex,HZ Finch,TGR Clark,SR Harmer,1,0,,,,,,,,,
1227610,2020,2020-08-15,"County Ground, Hove",1,32.3,Sussex,Essex,TGR Clark,HZ Finch,SR Harmer,0,0,,,,,,,,,
1227610,2020,2020-08-15,"County Ground, Hove",1,32.4,Sussex,Essex,TGR Clark,HZ Finch,SR Harmer,0,0,,,,,,,,,
1227610,2020,2020-08-15,"County Ground, Hove",1,32.5,Sussex,Essex,TGR Clark,HZ Finch,SR Harmer,0,0,,,,,,,,,
1227610,2020,2020-08-15,"County Ground, Hove",1,32.6,Sussex,Essex,TGR Clark,HZ Finch,SR Harmer,0,0,,,,,,,,,
1227610,2020,2020-08-15,"County Ground, Hove",1,33.1,Sussex,Essex,HZ Finch,TGR Clark,JA Porter,0,0,,,,,,,,,
1227610,2020,2020-08-15,"County Ground, Hove",1,33.2,Sussex,Essex,HZ Finch,TGR Clark,JA Porter,0,0,,,,,,,,,
1227610,2020,2020-08-15,"County Ground, Hove",1,33.3,Sussex,Essex,HZ Finch,TGR Clark,JA Porter,0,0,,,,,,,,,
1227610,2020,2020-08-15,"County Ground, Hove",1,33.4,Sussex,Essex,HZ Finch,TGR Clark,JA Porter,0,0,,,,,,,,,
1227610,2020,2020-08-15,"County Ground, Hove",1,33.5,Sussex,Essex,HZ Finch,TGR Clark,JA Porter,0,0,,,,,,caught,HZ Finch,,
1227610,2020,2020-08-15,"County Ground, Hove",1,33.6,Sussex,Essex,BC Brown,TGR Clark,JA Porter,0,0,,,,,,,,,
1227610,2020,2020-08-15,"County Ground, Hove",1,34.1,Sussex,Essex,TGR Clark,BC Brown,SR Harmer,0,0,,,,,,,,,
1227610,2020,2020-08-15,"County Ground, Hove",1,34.2,Sussex,Essex,TGR Clark,BC Brown,SR Harmer,0,0,,,,,,,,,
1227610,2020,2020-08-15,"County Ground, Hove",1,34.3,Sussex,Essex,TGR Clark,BC Brown,SR Harmer,0,0,,,,,,,,,
1227610,2020,2020-08-15,"County Ground, Hove",1,34.4,Sussex,Essex,TGR Clark,BC Brown,SR Harmer,0,0,,,,,,,,,
1227610,2020,2020-08-15,"County Ground, Hove",1,34.5,Sussex,Essex,TGR Clark,BC Brown,SR Harmer,0,0,,,,,,,,,
1227610,2020,2020-08-15,"County Ground, Hove",1,34.6,Sussex,Essex,TGR Clark,BC Brown,SR Harmer,0,0,,,,,,,,,
1227610,2020,2020-08-15,"County Ground, Hove",1,35.1,Sussex,Essex,BC Brown,TGR Clark,JA Porter,0,0,,,,,,,,,
1227610,2020,2020-08-15,"County Ground, Hove",1,35.2,Sussex,Essex,BC Brown,TGR Clark,JA Porter,0,0,,,,,,,,,
1227610,2020,2020-08-15,"County Ground, Hove",1,35.3,Sussex,Essex,BC Brown,TGR Clark,JA Porter,0,0,,,,,,,,,
1227610,2020,2020-08-15,"County Ground, Hove",1,35.4,Sussex,Essex,BC Brown,TGR Clark,JA Porter,0,0,,,,,,,,,
1227610,2020,2020-08-15,"County Ground, Hove",1,35.5,Sussex,Essex,BC Brown,TGR Clark,JA Porter,0,0,,,,,,,,,
1227610,2020,2020-08-15,"County Ground, Hove",1,35.6,Sussex,Essex,BC Brown,TGR Clark,JA Porter,0,0,,,,,,,,,
1227610,2020,2020-08-15,"County Ground, Hove",1,36.1,Sussex,Essex,TGR Clark,BC Brown,SR Harmer,0,0,,,,,,,,,
1227610,2020,2020-08-15,"County Ground, Hove",1,36.2,Sussex,Essex,TGR Clark,BC Brown,SR Harmer,4,0,,,,,,,,,
1227610,2020,2020-08-15,"County Ground, Hove",1,36.3,Sussex,Essex,TGR Clark,BC Brown,SR Harmer,0,0,,,,,,,,,
1227610,2020,2020-08-15,"County Ground, Hove",1,36.4,Sussex,Essex,TGR Clark,BC Brown,SR Harmer,0,0,,,,,,,,,
1227610,2020,2020-08-15,"County Ground, Hove",1,36.5,Sussex,Essex,TGR Clark,BC Brown,SR Harmer,0,0,,,,,,,,,
1227610,2020,2020-08-15,"County Ground, Hove",1,36.6,Sussex,Essex,TGR Clark,BC Brown,SR Harmer,0,0,,,,,,,,,
1227610,2020,2020-08-15,"County Ground, Hove",1,37.1,Sussex,Essex,BC Brown,TGR Clark,JA Porter,0,0,,,,,,,,,
1227610,2020,2020-08-15,"County Ground, Hove",1,37.2,Sussex,Essex,BC Brown,TGR Clark,JA Porter,0,0,,,,,,,,,
1227610,2020,2020-08-15,"County Ground, Hove",1,37.3,Sussex,Essex,BC Brown,TGR Clark,JA Porter,0,0,,,,,,,,,
1227610,2020,2020-08-15,"County Ground, Hove",1,37.4,Sussex,Essex,BC Brown,TGR Clark,JA Porter,0,0,,,,,,,,,
1227610,2020,2020-08-15,"County Ground, Hove",1,37.5,Sussex,Essex,BC Brown,TGR Clark,JA Porter,2,0,,,,,,,,,
1227610,2020,2020-08-15,"County Ground, Hove",1,37.6,Sussex,Essex,BC Brown,TGR Clark,JA Porter,0,0,,,,,,,,,
1227610,2020,2020-08-15,"County Ground, Hove",1,38.1,Sussex,Essex,TGR Clark,BC Brown,SR Harmer,0,0,,,,,,,,,
1227610,2020,2020-08-15,"County Ground, Hove",1,38.2,Sussex,Essex,TGR Clark,BC Brown,SR Harmer,0,0,,,,,,,,,
1227610,2020,2020-08-15,"County Ground, Hove",1,38.3,Sussex,Essex,TGR Clark,BC Brown,SR Harmer,0,0,,,,,,,,,
1227610,2020,2020-08-15,"County Ground, Hove",1,38.4,Sussex,Essex,TGR Clark,BC Brown,SR Harmer,0,0,,,,,,,,,
1227610,2020,2020-08-15,"County Ground, Hove",1,38.5,Sussex,Essex,TGR Clark,BC Brown,SR Harmer,0,0,,,,,,,,,
1227610,2020,2020-08-15,"County Ground, Hove",1,38.6,Sussex,Essex,TGR Clark,BC Brown,SR Harmer,0,0,,,,,,,,,
1227610,2020,2020-08-15,"County Ground, Hove",1,39.1,Sussex,Essex,BC Brown,TGR Clark,JA Porter,0,0,,,,,,,,,
1227610,2020,2020-08-15,"County Ground, Hove",1,39.2,Sussex,Essex,BC Brown,TGR Clark,JA Porter,0,0,,,,,,,,,
1227610,2020,2020-08-15,"County Ground, Hove",1,39.3,Sussex,Essex,BC Brown,TGR Clark,JA Porter,1,0,,,,,,,,,
1227610,2020,2020-08-15,"County Ground, Hove",1,39.4,Sussex,Essex,TGR Clark,BC Brown,JA Porter,0,0,,,,,,,,,
1227610,2020,2020-08-15,"County Ground, Hove",1,39.5,Sussex,Essex,TGR Clark,BC Brown,JA Porter,0,0,,,,,,,,,
1227610,2020,2020-08-15,"County Ground, Hove",1,39.6,Sussex,Essex,TGR Clark,BC Brown,JA Porter,0,0,,,,,,,,,
1227610,2020,2020-08-15,"County Ground, Hove",1,40.1,Sussex,Essex,BC Brown,TGR Clark,SR Harmer,4,0,,,,,,,,,
1227610,2020,2020-08-15,"County Ground, Hove",1,40.2,Sussex,Essex,BC Brown,TGR Clark,SR Harmer,0,0,,,,,,,,,
1227610,2020,2020-08-15,"County Ground, Hove",1,40.3,Sussex,Essex,BC Brown,TGR Clark,SR Harmer,0,0,,,,,,,,,
1227610,2020,2020-08-15,"County Ground, Hove",1,40.4,Sussex,Essex,BC Brown,TGR Clark,SR Harmer,0,0,,,,,,,,,
1227610,2020,2020-08-15,"County Ground, Hove",1,40.5,Sussex,Essex,BC Brown,TGR Clark,SR Harmer,4,0,,,,,,,,,
1227610,2020,2020-08-15,"County Ground, Hove",1,40.6,Sussex,Essex,BC Brown,TGR Clark,SR Harmer,0,0,,,,,,,,,
1227610,2020,2020-08-15,"County Ground, Hove",1,41.1,Sussex,Essex,TGR Clark,BC Brown,JA Porter,0,0,,,,,,,,,
1227610,2020,2020-08-15,"County Ground, Hove",1,41.2,Sussex,Essex,TGR Clark,BC Brown,JA Porter,0,0,,,,,,,,,
1227610,2020,2020-08-15,"County Ground, Hove",1,41.3,Sussex,Essex,TGR Clark,BC Brown,JA Porter,0,0,,,,,,,,,
1227610,2020,2020-08-15,"County Ground, Hove",1,41.4,Sussex,Essex,TGR Clark,BC Brown,JA Porter,0,0,,,,,,,,,
1227610,2020,2020-08-15,"County Ground, Hove",1,41.5,Sussex,Essex,TGR Clark,BC Brown,JA Porter,0,0,,,,,,,,,
1227610,2020,2020-08-15,"County Ground, Hove",1,41.6,Sussex,Essex,TGR Clark,BC Brown,JA Porter,0,0,,,,,,,,,
1227610,2020,2020-08-15,"County Ground, Hove",1,42.1,Sussex,Essex,BC Brown,TGR Clark,SR Harmer,0,0,,,,,,caught,BC Brown,,
1227610,2020,2020-08-15,"County Ground, Hove",1,42.2,Sussex,Essex,AD Thomason,TGR Clark,SR Harmer,0,0,,,,,,,,,
1227610,2020,2020-08-15,"County Ground, Hove",1,42.3,Sussex,Essex,AD Thomason,TGR Clark,SR Harmer,0,0,,,,,,,,,
1227610,2020,2020-08-15,"County Ground, Hove",1,42.4,Sussex,Essex,AD Thomason,TGR Clark,SR Harmer,0,0,,,,,,,,,
1227610,2020,2020-08-15,"County Ground, Hove",1,42.5,Sussex,Essex,AD Thomason,TGR Clark,SR Harmer,0,0,,,,,,,,,
1227610,2020,2020-08-15,"County Ground, Hove",1,42.6,Sussex,Essex,AD Thomason,TGR Clark,SR Harmer,0,0,,,,,,,,,
1227610,2020,2020-08-15,"County Ground, Hove",1,43.1,Sussex,Essex,TGR Clark,AD Thomason,AP Beard,2,0,,,,,,,,,
1227610,2020,2020-08-15,"County Ground, Hove",1,43.2,Sussex,Essex,TGR Clark,AD Thomason,AP Beard,0,0,,,,,,,,,
1227610,2020,2020-08-15,"County Ground, Hove",1,43.3,Sussex,Essex,TGR Clark,AD Thomason,AP Beard,0,0,,,,,,,,,
1227610,2020,2020-08-15,"County Ground, Hove",1,43.4,Sussex,Essex,TGR Clark,AD Thomason,AP Beard,0,0,,,,,,,,,
1227610,2020,2020-08-15,"County Ground, Hove",1,43.5,Sussex,Essex,TGR Clark,AD Thomason,AP Beard,0,0,,,,,,,,,
1227610,2020,2020-08-15,"County Ground, Hove",1,43.6,Sussex,Essex,TGR Clark,AD Thomason,AP Beard,4,0,,,,,,,,,
1227610,2020,2020-08-15,"County Ground, Hove",1,44.1,Sussex,Essex,AD Thomason,TGR Clark,SR Harmer,3,0,,,,,,,,,
1227610,2020,2020-08-15,"County Ground, Hove",1,44.2,Sussex,Essex,TGR Clark,AD Thomason,SR Harmer,0,0,,,,,,,,,
1227610,2020,2020-08-15,"County Ground, Hove",1,44.3,Sussex,Essex,TGR Clark,AD Thomason,SR Harmer,0,0,,,,,,,,,
1227610,2020,2020-08-15,"County Ground, Hove",1,44.4,Sussex,Essex,TGR Clark,AD Thomason,SR Harmer,0,0,,,,,,,,,
1227610,2020,2020-08-15,"County Ground, Hove",1,44.5,Sussex,Essex,TGR Clark,AD Thomason,SR Harmer,0,0,,,,,,,,,
1227610,2020,2020-08-15,"County Ground, Hove",1,44.6,Sussex,Essex,TGR Clark,AD Thomason,SR Harmer,0,0,,,,,,,,,
1227610,2020,2020-08-15,"County Ground, Hove",1,45.1,Sussex,Essex,AD Thomason,TGR Clark,AP Beard,0,0,,,,,,,,,
1227610,2020,2020-08-15,"County Ground, Hove",1,45.2,Sussex,Essex,AD Thomason,TGR Clark,AP Beard,0,0,,,,,,,,,
1227610,2020,2020-08-15,"County Ground, Hove",1,45.3,Sussex,Essex,AD Thomason,TGR Clark,AP Beard,0,0,,,,,,,,,
1227610,2020,2020-08-15,"County Ground, Hove",1,45.4,Sussex,Essex,AD Thomason,TGR Clark,AP Beard,1,0,,,,,,,,,
1227610,2020,2020-08-15,"County Ground, Hove",1,45.5,Sussex,Essex,TGR Clark,AD Thomason,AP Beard,0,0,,,,,,,,,
1227610,2020,2020-08-15,"County Ground, Hove",1,45.6,Sussex,Essex,TGR Clark,AD Thomason,AP Beard,4,0,,,,,,,,,
1227610,2020,2020-08-15,"County Ground, Hove",1,46.1,Sussex,Essex,AD Thomason,TGR Clark,SR Harmer,0,0,,,,,,,,,
1227610,2020,2020-08-15,"County Ground, Hove",1,46.2,Sussex,Essex,AD Thomason,TGR Clark,SR Harmer,0,0,,,,,,,,,
1227610,2020,2020-08-15,"County Ground, Hove",1,46.3,Sussex,Essex,AD Thomason,TGR Clark,SR Harmer,0,0,,,,,,,,,
1227610,2020,2020-08-15,"County Ground, Hove",1,46.4,Sussex,Essex,AD Thomason,TGR Clark,SR Harmer,0,0,,,,,,,,,
1227610,2020,2020-08-15,"County Ground, Hove",1,46.5,Sussex,Essex,AD Thomason,TGR Clark,SR Harmer,0,0,,,,,,,,,
1227610,2020,2020-08-15,"County Ground, Hove",1,46.6,Sussex,Essex,AD Thomason,TGR Clark,SR Harmer,0,0,,,,,,,,,
1227610,2020,2020-08-15,"County Ground, Hove",1,47.1,Sussex,Essex,TGR Clark,AD Thomason,AP Beard,2,0,,,,,,,,,
1227610,2020,2020-08-15,"County Ground, Hove",1,47.2,Sussex,Essex,TGR Clark,AD Thomason,AP Beard,0,0,,,,,,,,,
1227610,2020,2020-08-15,"County Ground, Hove",1,47.3,Sussex,Essex,TGR Clark,AD Thomason,AP Beard,1,0,,,,,,,,,
1227610,2020,2020-08-15,"County Ground, Hove",1,47.4,Sussex,Essex,AD Thomason,TGR Clark,AP Beard,0,0,,,,,,,,,
1227610,2020,2020-08-15,"County Ground, Hove",1,47.5,Sussex,Essex,AD Thomason,TGR Clark,AP Beard,1,0,,,,,,,,,
1227610,2020,2020-08-15,"County Ground, Hove",1,47.6,Sussex,Essex,TGR Clark,AD Thomason,AP Beard,0,0,,,,,,,,,
1227610,2020,2020-08-15,"County Ground, Hove",1,48.1,Sussex,Essex,AD Thomason,TGR Clark,SR Harmer,0,0,,,,,,,,,
1227610,2020,2020-08-15,"County Ground, Hove",1,48.2,Sussex,Essex,AD Thomason,TGR Clark,SR Harmer,0,0,,,,,,,,,
1227610,2020,2020-08-15,"County Ground, Hove",1,48.3,Sussex,Essex,AD Thomason,TGR Clark,SR Harmer,0,0,,,,,,,,,
1227610,2020,2020-08-15,"County Ground, Hove",1,48.4,Sussex,Essex,AD Thomason,TGR Clark,SR Harmer,0,0,,,,,,,,,
1227610,2020,2020-08-15,"County Ground, Hove",1,48.5,Sussex,Essex,AD Thomason,TGR Clark,SR Harmer,0,0,,,,,,,,,
1227610,2020,2020-08-15,"County Ground, Hove",1,48.6,Sussex,Essex,AD Thomason,TGR Clark,SR Harmer,0,0,,,,,,,,,
1227610,2020,2020-08-15,"County Ground, Hove",1,49.1,Sussex,Essex,TGR Clark,AD Thomason,AP Beard,0,0,,,,,,caught,TGR Clark,,
1227610,2020,2020-08-15,"County Ground, Hove",1,49.2,Sussex,Essex,DMW Rawlins,AD Thomason,AP Beard,0,0,,,,,,,,,
1227610,2020,2020-08-15,"County Ground, Hove",1,49.3,Sussex,Essex,DMW Rawlins,AD Thomason,AP Beard,0,0,,,,,,,,,
1227610,2020,2020-08-15,"County Ground, Hove",1,49.4,Sussex,Essex,DMW Rawlins,AD Thomason,AP Beard,0,0,,,,,,,,,
1227610,2020,2020-08-15,"County Ground, Hove",1,49.5,Sussex,Essex,DMW Rawlins,AD Thomason,AP Beard,0,0,,,,,,,,,
1227610,2020,2020-08-15,"County Ground, Hove",1,49.6,Sussex,Essex,DMW Rawlins,AD Thomason,AP Beard,0,0,,,,,,,,,
1227610,2020,2020-08-15,"County Ground, Hove",1,50.1,Sussex,Essex,AD Thomason,DMW Rawlins,SR Harmer,0,0,,,,,,,,,
1227610,2020,2020-08-15,"County Ground, Hove",1,50.2,Sussex,Essex,AD Thomason,DMW Rawlins,SR Harmer,0,0,,,,,,,,,
1227610,2020,2020-08-15,"County Ground, Hove",1,50.3,Sussex,Essex,AD Thomason,DMW Rawlins,SR Harmer,0,0,,,,,,,,,
1227610,2020,2020-08-15,"County Ground, Hove",1,50.4,Sussex,Essex,AD Thomason,DMW Rawlins,SR Harmer,1,0,,,,,,,,,
1227610,2020,2020-08-15,"County Ground, Hove",1,50.5,Sussex,Essex,DMW Rawlins,AD Thomason,SR Harmer,2,0,,,,,,,,,
1227610,2020,2020-08-15,"County Ground, Hove",1,50.6,Sussex,Essex,DMW Rawlins,AD Thomason,SR Harmer,0,0,,,,,,,,,
1227610,2020,2020-08-15,"County Ground, Hove",1,51.1,Sussex,Essex,AD Thomason,DMW Rawlins,AP Beard,2,0,,,,,,,,,
1227610,2020,2020-08-15,"County Ground, Hove",1,51.2,Sussex,Essex,AD Thomason,DMW Rawlins,AP Beard,0,0,,,,,,,,,
1227610,2020,2020-08-15,"County Ground, Hove",1,51.3,Sussex,Essex,AD Thomason,DMW Rawlins,AP Beard,0,0,,,,,,,,,
1227610,2020,2020-08-15,"County Ground, Hove",1,51.4,Sussex,Essex,AD Thomason,DMW Rawlins,AP Beard,1,0,,,,,,,,,
1227610,2020,2020-08-15,"County Ground, Hove",1,51.5,Sussex,Essex,DMW Rawlins,AD Thomason,AP Beard,0,0,,,,,,,,,
1227610,2020,2020-08-15,"County Ground, Hove",1,51.6,Sussex,Essex,DMW Rawlins,AD Thomason,AP Beard,0,0,,,,,,,,,
1227610,2020,2020-08-15,"County Ground, Hove",1,52.1,Sussex,Essex,AD Thomason,DMW Rawlins,SR Harmer,0,0,,,,,,,,,
1227610,2020,2020-08-15,"County Ground, Hove",1,52.2,Sussex,Essex,AD Thomason,DMW Rawlins,SR Harmer,0,0,,,,,,,,,
1227610,2020,2020-08-15,"County Ground, Hove",1,52.3,Sussex,Essex,AD Thomason,DMW Rawlins,SR Harmer,0,0,,,,,,,,,
1227610,2020,2020-08-15,"County Ground, Hove",1,52.4,Sussex,Essex,AD Thomason,DMW Rawlins,SR Harmer,0,0,,,,,,,,,
1227610,2020,2020-08-15,"County Ground, Hove",1,52.5,Sussex,Essex,AD Thomason,DMW Rawlins,SR Harmer,0,0,,,,,,,,,
1227610,2020,2020-08-15,"County Ground, Hove",1,52.6,Sussex,Essex,AD Thomason,DMW Rawlins,SR Harmer,0,0,,,,,,,,,
1227610,2020,2020-08-15,"County Ground, Hove",1,53.1,Sussex,Essex,DMW Rawlins,AD Thomason,AP Beard,4,0,,,,,,,,,
1227610,2020,2020-08-15,"County Ground, Hove",1,53.2,Sussex,Essex,DMW Rawlins,AD Thomason,AP Beard,0,0,,,,,,,,,
1227610,2020,2020-08-15,"County Ground, Hove",1,53.3,Sussex,Essex,DMW Rawlins,AD Thomason,AP Beard,0,0,,,,,,,,,
1227610,2020,2020-08-15,"County Ground, Hove",1,53.4,Sussex,Essex,DMW Rawlins,AD Thomason,AP Beard,0,0,,,,,,,,,
1227610,2020,2020-08-15,"County Ground, Hove",1,53.5,Sussex,Essex,DMW Rawlins,AD Thomason,AP Beard,0,0,,,,,,,,,
1227610,2020,2020-08-15,"County Ground, Hove",1,53.6,Sussex,Essex,DMW Rawlins,AD Thomason,AP Beard,1,0,,,,,,,,,
1227610,2020,2020-08-15,"County Ground, Hove",1,54.1,Sussex,Essex,DMW Rawlins,AD Thomason,SR Harmer,0,0,,,,,,caught,DMW Rawlins,,
1227610,2020,2020-08-15,"County Ground, Hove",1,54.2,Sussex,Essex,GHS Garton,AD Thomason,SR Harmer,0,0,,,,,,,,,
1227610,2020,2020-08-15,"County Ground, Hove",1,54.3,Sussex,Essex,GHS Garton,AD Thomason,SR Harmer,0,0,,,,,,,,,
1227610,2020,2020-08-15,"County Ground, Hove",1,54.4,Sussex,Essex,GHS Garton,AD Thomason,SR Harmer,0,0,,,,,,,,,
1227610,2020,2020-08-15,"County Ground, Hove",1,54.5,Sussex,Essex,GHS Garton,AD Thomason,SR Harmer,0,0,,,,,,,,,
1227610,2020,2020-08-15,"County Ground, Hove",1,54.6,Sussex,Essex,GHS Garton,AD Thomason,SR Harmer,0,0,,,,,,,,,
1227610,2020,2020-08-15,"County Ground, Hove",1,55.1,Sussex,Essex,AD Thomason,GHS Garton,AP Beard,1,0,,,,,,,,,
1227610,2020,2020-08-15,"County Ground, Hove",1,55.2,Sussex,Essex,GHS Garton,AD Thomason,AP Beard,0,0,,,,,,,,,
1227610,2020,2020-08-15,"County Ground, Hove",1,55.3,Sussex,Essex,GHS Garton,AD Thomason,AP Beard,0,0,,,,,,,,,
1227610,2020,2020-08-15,"County Ground, Hove",1,55.4,Sussex,Essex,GHS Garton,AD Thomason,AP Beard,0,0,,,,,,,,,
1227610,2020,2020-08-15,"County Ground, Hove",1,55.5,Sussex,Essex,GHS Garton,AD Thomason,AP Beard,0,0,,,,,,,,,
1227610,2020,2020-08-15,"County Ground, Hove",1,55.6,Sussex,Essex,GHS Garton,AD Thomason,AP Beard,0,0,,,,,,,,,
1227610,2020,2020-08-15,"County Ground, Hove",1,56.1,Sussex,Essex,AD Thomason,GHS Garton,SR Harmer,0,0,,,,,,,,,
1227610,2020,2020-08-15,"County Ground, Hove",1,56.2,Sussex,Essex,AD Thomason,GHS Garton,SR Harmer,0,0,,,,,,,,,
1227610,2020,2020-08-15,"County Ground, Hove",1,56.3,Sussex,Essex,AD Thomason,GHS Garton,SR Harmer,0,0,,,,,,,,,
1227610,2020,2020-08-15,"County Ground, Hove",1,56.4,Sussex,Essex,AD Thomason,GHS Garton,SR Harmer,0,0,,,,,,,,,
1227610,2020,2020-08-15,"County Ground, Hove",1,56.5,Sussex,Essex,AD Thomason,GHS Garton,SR Harmer,0,0,,,,,,,,,
1227610,2020,2020-08-15,"County Ground, Hove",1,56.6,Sussex,Essex,AD Thomason,GHS Garton,SR Harmer,0,0,,,,,,,,,
1227610,2020,2020-08-15,"County Ground, Hove",1,57.1,Sussex,Essex,GHS Garton,AD Thomason,MR Quinn,0,0,,,,,,,,,
1227610,2020,2020-08-15,"County Ground, Hove",1,57.2,Sussex,Essex,GHS Garton,AD Thomason,MR Quinn,0,0,,,,,,,,,
1227610,2020,2020-08-15,"County Ground, Hove",1,57.3,Sussex,Essex,GHS Garton,AD Thomason,MR Quinn,0,0,,,,,,,,,
1227610,2020,2020-08-15,"County Ground, Hove",1,57.4,Sussex,Essex,GHS Garton,AD Thomason,MR Quinn,1,0,,,,,,,,,
1227610,2020,2020-08-15,"County Ground, Hove",1,57.5,Sussex,Essex,AD Thomason,GHS Garton,MR Quinn,0,0,,,,,,,,,
1227610,2020,2020-08-15,"County Ground, Hove",1,57.6,Sussex,Essex,AD Thomason,GHS Garton,MR Quinn,0,0,,,,,,,,,
1227610,2020,2020-08-15,"County Ground, Hove",1,58.1,Sussex,Essex,GHS Garton,AD Thomason,SR Harmer,0,0,,,,,,,,,
1227610,2020,2020-08-15,"County Ground, Hove",1,58.2,Sussex,Essex,GHS Garton,AD Thomason,SR Harmer,0,0,,,,,,,,,
1227610,2020,2020-08-15,"County Ground, Hove",1,58.3,Sussex,Essex,GHS Garton,AD Thomason,SR Harmer,0,0,,,,,,,,,
1227610,2020,2020-08-15,"County Ground, Hove",1,58.4,Sussex,Essex,GHS Garton,AD Thomason,SR Harmer,0,0,,,,,,,,,
1227610,2020,2020-08-15,"County Ground, Hove",1,58.5,Sussex,Essex,GHS Garton,AD Thomason,SR Harmer,4,0,,,,,,,,,
1227610,2020,2020-08-15,"County Ground, Hove",1,58.6,Sussex,Essex,GHS Garton,AD Thomason,SR Harmer,0,0,,,,,,,,,
1227610,2020,2020-08-15,"County Ground, Hove",1,59.1,Sussex,Essex,AD Thomason,GHS Garton,MR Quinn,0,0,,,,,,,,,
1227610,2020,2020-08-15,"County Ground, Hove",1,59.2,Sussex,Essex,AD Thomason,GHS Garton,MR Quinn,0,0,,,,,,,,,
1227610,2020,2020-08-15,"County Ground, Hove",1,59.3,Sussex,Essex,AD Thomason,GHS Garton,MR Quinn,0,0,,,,,,,,,
1227610,2020,2020-08-15,"County Ground, Hove",1,59.4,Sussex,Essex,AD Thomason,GHS Garton,MR Quinn,0,0,,,,,,,,,
1227610,2020,2020-08-15,"County Ground, Hove",1,59.5,Sussex,Essex,AD Thomason,GHS Garton,MR Quinn,0,0,,,,,,,,,
1227610,2020,2020-08-15,"County Ground, Hove",1,59.6,Sussex,Essex,AD Thomason,GHS Garton,MR Quinn,4,0,,,,,,,,,
1227610,2020,2020-08-15,"County Ground, Hove",1,60.1,Sussex,Essex,GHS Garton,AD Thomason,SR Harmer,0,0,,,,,,,,,
1227610,2020,2020-08-15,"County Ground, Hove",1,60.2,Sussex,Essex,GHS Garton,AD Thomason,SR Harmer,2,0,,,,,,,,,
1227610,2020,2020-08-15,"County Ground, Hove",1,60.3,Sussex,Essex,GHS Garton,AD Thomason,SR Harmer,0,0,,,,,,,,,
1227610,2020,2020-08-15,"County Ground, Hove",1,60.4,Sussex,Essex,GHS Garton,AD Thomason,SR Harmer,1,0,,,,,,,,,
1227610,2020,2020-08-15,"County Ground, Hove",1,60.5,Sussex,Essex,AD Thomason,GHS Garton,SR Harmer,0,0,,,,,,,,,
1227610,2020,2020-08-15,"County Ground, Hove",1,60.6,Sussex,Essex,AD Thomason,GHS Garton,SR Harmer,0,0,,,,,,,,,
1227610,2020,2020-08-15,"County Ground, Hove",1,61.1,Sussex,Essex,GHS Garton,AD Thomason,JA Porter,0,0,,,,,,,,,
1227610,2020,2020-08-15,"County Ground, Hove",1,61.2,Sussex,Essex,GHS Garton,AD Thomason,JA Porter,4,0,,,,,,,,,
1227610,2020,2020-08-15,"County Ground, Hove",1,61.3,Sussex,Essex,GHS Garton,AD Thomason,JA Porter,1,0,,,,,,,,,
1227610,2020,2020-08-15,"County Ground, Hove",1,61.4,Sussex,Essex,AD Thomason,GHS Garton,JA Porter,0,0,,,,,,,,,
1227610,2020,2020-08-15,"County Ground, Hove",1,61.5,Sussex,Essex,AD Thomason,GHS Garton,JA Porter,0,0,,,,,,,,,
1227610,2020,2020-08-15,"County Ground, Hove",1,61.6,Sussex,Essex,AD Thomason,GHS Garton,JA Porter,0,0,,,,,,,,,
1227610,2020,2020-08-15,"County Ground, Hove",1,62.1,Sussex,Essex,GHS Garton,AD Thomason,SR Harmer,0,0,,,,,,,,,
1227610,2020,2020-08-15,"County Ground, Hove",1,62.2,Sussex,Essex,GHS Garton,AD Thomason,SR Harmer,0,0,,,,,,,,,
1227610,2020,2020-08-15,"County Ground, Hove",1,62.3,Sussex,Essex,GHS Garton,AD Thomason,SR Harmer,0,0,,,,,,,,,
1227610,2020,2020-08-15,"County Ground, Hove",1,62.4,Sussex,Essex,GHS Garton,AD Thomason,SR Harmer,0,0,,,,,,,,,
1227610,2020,2020-08-15,"County Ground, Hove",1,62.5,Sussex,Essex,GHS Garton,AD Thomason,SR Harmer,0,0,,,,,,,,,
1227610,2020,2020-08-15,"County Ground, Hove",1,62.6,Sussex,Essex,GHS Garton,AD Thomason,SR Harmer,2,0,,,,,,,,,
1227610,2020,2020-08-15,"County Ground, Hove",1,63.1,Sussex,Essex,AD Thomason,GHS Garton,JA Porter,0,0,,,,,,,,,
1227610,2020,2020-08-15,"County Ground, Hove",1,63.2,Sussex,Essex,AD Thomason,GHS Garton,JA Porter,0,0,,,,,,,,,
1227610,2020,2020-08-15,"County Ground, Hove",1,63.3,Sussex,Essex,AD Thomason,GHS Garton,JA Porter,0,2,,2,,,,,,,
1227610,2020,2020-08-15,"County Ground, Hove",1,63.4,Sussex,Essex,AD Thomason,GHS Garton,JA Porter,0,0,,,,,,,,,
1227610,2020,2020-08-15,"County Ground, Hove",1,63.5,Sussex,Essex,AD Thomason,GHS Garton,JA Porter,0,0,,,,,,,,,
1227610,2020,2020-08-15,"County Ground, Hove",1,63.6,Sussex,Essex,AD Thomason,GHS Garton,JA Porter,0,0,,,,,,,,,
1227610,2020,2020-08-15,"County Ground, Hove",1,63.7,Sussex,Essex,AD Thomason,GHS Garton,JA Porter,0,0,,,,,,,,,
1227610,2020,2020-08-15,"County Ground, Hove",1,64.1,Sussex,Essex,GHS Garton,AD Thomason,SR Harmer,1,0,,,,,,,,,
1227610,2020,2020-08-15,"County Ground, Hove",1,64.2,Sussex,Essex,AD Thomason,GHS Garton,SR Harmer,0,0,,,,,,,,,
1227610,2020,2020-08-15,"County Ground, Hove",1,64.3,Sussex,Essex,AD Thomason,GHS Garton,SR Harmer,0,0,,,,,,,,,
1227610,2020,2020-08-15,"County Ground, Hove",1,64.4,Sussex,Essex,AD Thomason,GHS Garton,SR Harmer,0,0,,,,,,,,,
1227610,2020,2020-08-15,"County Ground, Hove",1,64.5,Sussex,Essex,AD Thomason,GHS Garton,SR Harmer,0,0,,,,,,,,,
1227610,2020,2020-08-15,"County Ground, Hove",1,64.6,Sussex,Essex,AD Thomason,GHS Garton,SR Harmer,0,0,,,,,,,,,
1227610,2020,2020-08-15,"County Ground, Hove",1,65.1,Sussex,Essex,GHS Garton,AD Thomason,JA Porter,0,0,,,,,,,,,
1227610,2020,2020-08-15,"County Ground, Hove",1,65.2,Sussex,Essex,GHS Garton,AD Thomason,JA Porter,0,0,,,,,,,,,
1227610,2020,2020-08-15,"County Ground, Hove",1,65.3,Sussex,Essex,GHS Garton,AD Thomason,JA Porter,0,0,,,,,,,,,
1227610,2020,2020-08-15,"County Ground, Hove",1,65.4,Sussex,Essex,GHS Garton,AD Thomason,JA Porter,2,0,,,,,,,,,
1227610,2020,2020-08-15,"County Ground, Hove",1,65.5,Sussex,Essex,GHS Garton,AD Thomason,JA Porter,0,0,,,,,,,,,
1227610,2020,2020-08-15,"County Ground, Hove",1,65.6,Sussex,Essex,GHS Garton,AD Thomason,JA Porter,0,0,,,,,,caught,GHS Garton,,
1227610,2020,2020-08-15,"County Ground, Hove",1,66.1,Sussex,Essex,AD Thomason,SC Meaker,SR Harmer,0,0,,,,,,,,,
1227610,2020,2020-08-15,"County Ground, Hove",1,66.2,Sussex,Essex,AD Thomason,SC Meaker,SR Harmer,0,0,,,,,,,,,
1227610,2020,2020-08-15,"County Ground, Hove",1,66.3,Sussex,Essex,AD Thomason,SC Meaker,SR Harmer,0,0,,,,,,,,,
1227610,2020,2020-08-15,"County Ground, Hove",1,66.4,Sussex,Essex,AD Thomason,SC Meaker,SR Harmer,0,0,,,,,,,,,
1227610,2020,2020-08-15,"County Ground, Hove",1,66.5,Sussex,Essex,AD Thomason,SC Meaker,SR Harmer,0,0,,,,,,,,,
1227610,2020,2020-08-15,"County Ground, Hove",1,66.6,Sussex,Essex,AD Thomason,SC Meaker,SR Harmer,0,0,,,,,,,,,
1227610,2020,2020-08-15,"County Ground, Hove",1,67.1,Sussex,Essex,SC Meaker,AD Thomason,JA Porter,1,0,,,,,,,,,
1227610,2020,2020-08-15,"County Ground, Hove",1,67.2,Sussex,Essex,AD Thomason,SC Meaker,JA Porter,0,0,,,,,,,,,
1227610,2020,2020-08-15,"County Ground, Hove",1,67.3,Sussex,Essex,AD Thomason,SC Meaker,JA Porter,2,0,,,,,,,,,
1227610,2020,2020-08-15,"County Ground, Hove",1,67.4,Sussex,Essex,AD Thomason,SC Meaker,JA Porter,0,0,,,,,,,,,
1227610,2020,2020-08-15,"County Ground, Hove",1,67.5,Sussex,Essex,AD Thomason,SC Meaker,JA Porter,1,0,,,,,,,,,
1227610,2020,2020-08-15,"County Ground, Hove",1,67.6,Sussex,Essex,SC Meaker,AD Thomason,JA Porter,0,0,,,,,,,,,
1227610,2020,2020-08-15,"County Ground, Hove",1,68.1,Sussex,Essex,AD Thomason,SC Meaker,SR Harmer,0,0,,,,,,,,,
1227610,2020,2020-08-15,"County Ground, Hove",1,68.2,Sussex,Essex,AD Thomason,SC Meaker,SR Harmer,1,0,,,,,,,,,
1227610,2020,2020-08-15,"County Ground, Hove",1,68.3,Sussex,Essex,SC Meaker,AD Thomason,SR Harmer,0,0,,,,,,,,,
1227610,2020,2020-08-15,"County Ground, Hove",1,68.4,Sussex,Essex,SC Meaker,AD Thomason,SR Harmer,1,0,,,,,,,,,
1227610,2020,2020-08-15,"County Ground, Hove",1,68.5,Sussex,Essex,AD Thomason,SC Meaker,SR Harmer,0,0,,,,,,,,,
1227610,2020,2020-08-15,"County Ground, Hove",1,68.6,Sussex,Essex,AD Thomason,SC Meaker,SR Harmer,0,0,,,,,,,,,
1227610,2020,2020-08-15,"County Ground, Hove",1,69.1,Sussex,Essex,SC Meaker,AD Thomason,JA Porter,0,0,,,,,,,,,
1227610,2020,2020-08-15,"County Ground, Hove",1,69.2,Sussex,Essex,SC Meaker,AD Thomason,JA Porter,0,0,,,,,,,,,
1227610,2020,2020-08-15,"County Ground, Hove",1,69.3,Sussex,Essex,SC Meaker,AD Thomason,JA Porter,3,0,,,,,,,,,
1227610,2020,2020-08-15,"County Ground, Hove",1,69.4,Sussex,Essex,AD Thomason,SC Meaker,JA Porter,0,0,,,,,,,,,
1227610,2020,2020-08-15,"County Ground, Hove",1,69.5,Sussex,Essex,AD Thomason,SC Meaker,JA Porter,0,0,,,,,,,,,
1227610,2020,2020-08-15,"County Ground, Hove",1,69.6,Sussex,Essex,AD Thomason,SC Meaker,JA Porter,0,0,,,,,,,,,
1227610,2020,2020-08-15,"County Ground, Hove",1,70.1,Sussex,Essex,SC Meaker,AD Thomason,SR Harmer,0,0,,,,,,,,,
1227610,2020,2020-08-15,"County Ground, Hove",1,70.2,Sussex,Essex,SC Meaker,AD Thomason,SR Harmer,0,0,,,,,,,,,
1227610,2020,2020-08-15,"County Ground, Hove",1,70.3,Sussex,Essex,SC Meaker,AD Thomason,SR Harmer,4,0,,,,,,,,,
1227610,2020,2020-08-15,"County Ground, Hove",1,70.4,Sussex,Essex,SC Meaker,AD Thomason,SR Harmer,0,0,,,,,,,,,
1227610,2020,2020-08-15,"County Ground, Hove",1,70.5,Sussex,Essex,SC Meaker,AD Thomason,SR Harmer,0,0,,,,,,,,,
1227610,2020,2020-08-15,"County Ground, Hove",1,70.6,Sussex,Essex,SC Meaker,AD Thomason,SR Harmer,0,0,,,,,,,,,
1227610,2020,2020-08-15,"County Ground, Hove",1,71.1,Sussex,Essex,AD Thomason,SC Meaker,JA Porter,0,0,,,,,,,,,
1227610,2020,2020-08-15,"County Ground, Hove",1,71.2,Sussex,Essex,AD Thomason,SC Meaker,JA Porter,0,0,,,,,,,,,
1227610,2020,2020-08-15,"County Ground, Hove",1,71.3,Sussex,Essex,AD Thomason,SC Meaker,JA Porter,0,0,,,,,,,,,
1227610,2020,2020-08-15,"County Ground, Hove",1,71.4,Sussex,Essex,AD Thomason,SC Meaker,JA Porter,0,0,,,,,,,,,
1227610,2020,2020-08-15,"County Ground, Hove",1,71.5,Sussex,Essex,AD Thomason,SC Meaker,JA Porter,1,0,,,,,,,,,
1227610,2020,2020-08-15,"County Ground, Hove",1,71.6,Sussex,Essex,SC Meaker,AD Thomason,JA Porter,0,0,,,,,,,,,
1227610,2020,2020-08-15,"County Ground, Hove",1,72.1,Sussex,Essex,AD Thomason,SC Meaker,SR Harmer,0,0,,,,,,,,,
1227610,2020,2020-08-15,"County Ground, Hove",1,72.2,Sussex,Essex,AD Thomason,SC Meaker,SR Harmer,0,0,,,,,,,,,
1227610,2020,2020-08-15,"County Ground, Hove",1,72.3,Sussex,Essex,AD Thomason,SC Meaker,SR Harmer,1,0,,,,,,,,,
1227610,2020,2020-08-15,"County Ground, Hove",1,72.4,Sussex,Essex,SC Meaker,AD Thomason,SR Harmer,0,0,,,,,,,,,
1227610,2020,2020-08-15,"County Ground, Hove",1,72.5,Sussex,Essex,SC Meaker,AD Thomason,SR Harmer,1,0,,,,,,,,,
1227610,2020,2020-08-15,"County Ground, Hove",1,72.6,Sussex,Essex,AD Thomason,SC Meaker,SR Harmer,0,0,,,,,,,,,
1227610,2020,2020-08-15,"County Ground, Hove",1,73.1,Sussex,Essex,SC Meaker,AD Thomason,JA Porter,0,0,,,,,,,,,
1227610,2020,2020-08-15,"County Ground, Hove",1,73.2,Sussex,Essex,SC Meaker,AD Thomason,JA Porter,0,0,,,,,,,,,
1227610,2020,2020-08-15,"County Ground, Hove",1,73.3,Sussex,Essex,SC Meaker,AD Thomason,JA Porter,0,0,,,,,,,,,
1227610,2020,2020-08-15,"County Ground, Hove",1,73.4,Sussex,Essex,SC Meaker,AD Thomason,JA Porter,0,0,,,,,,caught,SC Meaker,,
1227610,2020,2020-08-15,"County Ground, Hove",1,73.5,Sussex,Essex,HT Crocombe,AD Thomason,JA Porter,0,0,,,,,,,,,
1227610,2020,2020-08-15,"County Ground, Hove",1,73.6,Sussex,Essex,HT Crocombe,AD Thomason,JA Porter,0,0,,,,,,,,,
1227610,2020,2020-08-15,"County Ground, Hove",1,74.1,Sussex,Essex,AD Thomason,HT Crocombe,SR Harmer,1,0,,,,,,,,,
1227610,2020,2020-08-15,"County Ground, Hove",1,74.2,Sussex,Essex,HT Crocombe,AD Thomason,SR Harmer,0,0,,,,,,,,,
1227610,2020,2020-08-15,"County Ground, Hove",1,74.3,Sussex,Essex,HT Crocombe,AD Thomason,SR Harmer,0,0,,,,,,,,,
1227610,2020,2020-08-15,"County Ground, Hove",1,74.4,Sussex,Essex,HT Crocombe,AD Thomason,SR Harmer,0,0,,,,,,,,,
1227610,2020,2020-08-15,"County Ground, Hove",1,74.5,Sussex,Essex,HT Crocombe,AD Thomason,SR Harmer,0,0,,,,,,,,,
1227610,2020,2020-08-15,"County Ground, Hove",1,74.6,Sussex,Essex,HT Crocombe,AD Thomason,SR Harmer,0,0,,,,,,,,,
1227610,2020,2020-08-15,"County Ground, Hove",1,75.1,Sussex,Essex,AD Thomason,HT Crocombe,AP Beard,0,0,,,,,,,,,
1227610,2020,2020-08-15,"County Ground, Hove",1,75.2,Sussex,Essex,AD Thomason,HT Crocombe,AP Beard,0,0,,,,,,,,,
1227610,2020,2020-08-15,"County Ground, Hove",1,75.3,Sussex,Essex,AD Thomason,HT Crocombe,AP Beard,4,0,,,,,,,,,
1227610,2020,2020-08-15,"County Ground, Hove",1,75.4,Sussex,Essex,AD Thomason,HT Crocombe,AP Beard,0,0,,,,,,,,,
1227610,2020,2020-08-15,"County Ground, Hove",1,75.5,Sussex,Essex,AD Thomason,HT Crocombe,AP Beard,1,0,,,,,,,,,
1227610,2020,2020-08-15,"County Ground, Hove",1,75.6,Sussex,Essex,HT Crocombe,AD Thomason,AP Beard,0,0,,,,,,,,,
1227610,2020,2020-08-15,"County Ground, Hove",1,76.1,Sussex,Essex,AD Thomason,HT Crocombe,SR Harmer,4,0,,,,,,,,,
1227610,2020,2020-08-15,"County Ground, Hove",1,76.2,Sussex,Essex,AD Thomason,HT Crocombe,SR Harmer,0,0,,,,,,,,,
1227610,2020,2020-08-15,"County Ground, Hove",1,76.3,Sussex,Essex,AD Thomason,HT Crocombe,SR Harmer,0,0,,,,,,caught,AD Thomason,,
1227610,2020,2020-08-15,"County Ground, Hove",1,76.4,Sussex,Essex,ME Claydon,HT Crocombe,SR Harmer,1,0,,,,,,,,,
1227610,2020,2020-08-15,"County Ground, Hove",1,76.5,Sussex,Essex,HT Crocombe,ME Claydon,SR Harmer,0,0,,,,,,,,,
1227610,2020,2020-08-15,"County Ground, Hove",1,76.6,Sussex,Essex,HT Crocombe,ME Claydon,SR Harmer,0,0,,,,,,,,,
1227610,2020,2020-08-15,"County Ground, Hove",1,77.1,Sussex,Essex,ME Claydon,HT Crocombe,AP Beard,0,0,,,,,,caught,ME Claydon,,
1227610,2020,2020-08-15,"County Ground, Hove",2,0.1,Essex,Sussex,NLJ Browne,AN Cook,ME Claydon,0,0,,,,,,,,,
1227610,2020,2020-08-15,"County Ground, Hove",2,0.2,Essex,Sussex,NLJ Browne,AN Cook,ME Claydon,0,0,,,,,,,,,
1227610,2020,2020-08-15,"County Ground, Hove",2,0.3,Essex,Sussex,NLJ Browne,AN Cook,ME Claydon,4,0,,,,,,,,,
1227610,2020,2020-08-15,"County Ground, Hove",2,0.4,Essex,Sussex,NLJ Browne,AN Cook,ME Claydon,0,0,,,,,,,,,
1227610,2020,2020-08-15,"County Ground, Hove",2,0.5,Essex,Sussex,NLJ Browne,AN Cook,ME Claydon,0,0,,,,,,bowled,NLJ Browne,,
1227610,2020,2020-08-15,"County Ground, Hove",2,0.6,Essex,Sussex,T Westley,AN Cook,ME Claydon,0,0,,,,,,,,,
1227610,2020,2020-08-15,"County Ground, Hove",2,1.1,Essex,Sussex,AN Cook,T Westley,HT Crocombe,0,0,,,,,,,,,
1227610,2020,2020-08-15,"County Ground, Hove",2,1.2,Essex,Sussex,AN Cook,T Westley,HT Crocombe,0,0,,,,,,,,,
1227610,2020,2020-08-15,"County Ground, Hove",2,1.3,Essex,Sussex,AN Cook,T Westley,HT Crocombe,0,0,,,,,,,,,
1227610,2020,2020-08-15,"County Ground, Hove",2,1.4,Essex,Sussex,AN Cook,T Westley,HT Crocombe,0,0,,,,,,,,,
1227610,2020,2020-08-15,"County Ground, Hove",2,1.5,Essex,Sussex,AN Cook,T Westley,HT Crocombe,1,0,,,,,,,,,
1227610,2020,2020-08-15,"County Ground, Hove",2,1.6,Essex,Sussex,T Westley,AN Cook,HT Crocombe,1,0,,,,,,,,,
1227610,2020,2020-08-15,"County Ground, Hove",2,2.1,Essex,Sussex,T Westley,AN Cook,ME Claydon,0,0,,,,,,,,,
1227610,2020,2020-08-15,"County Ground, Hove",2,2.2,Essex,Sussex,T Westley,AN Cook,ME Claydon,0,0,,,,,,,,,
1227610,2020,2020-08-15,"County Ground, Hove",2,2.3,Essex,Sussex,T Westley,AN Cook,ME Claydon,0,0,,,,,,,,,
1227610,2020,2020-08-15,"County Ground, Hove",2,2.4,Essex,Sussex,T Westley,AN Cook,ME Claydon,0,0,,,,,,,,,
1227610,2020,2020-08-15,"County Ground, Hove",2,2.5,Essex,Sussex,T Westley,AN Cook,ME Claydon,0,0,,,,,,,,,
1227610,2020,2020-08-15,"County Ground, Hove",2,2.6,Essex,Sussex,T Westley,AN Cook,ME Claydon,0,0,,,,,,,,,
1227610,2020,2020-08-15,"County Ground, Hove",2,3.1,Essex,Sussex,AN Cook,T Westley,HT Crocombe,1,0,,,,,,,,,
1227610,2020,2020-08-15,"County Ground, Hove",2,3.2,Essex,Sussex,T Westley,AN Cook,HT Crocombe,0,0,,,,,,,,,
1227610,2020,2020-08-15,"County Ground, Hove",2,3.3,Essex,Sussex,T Westley,AN Cook,HT Crocombe,0,0,,,,,,,,,
1227610,2020,2020-08-15,"County Ground, Hove",2,3.4,Essex,Sussex,T Westley,AN Cook,HT Crocombe,0,0,,,,,,,,,
1227610,2020,2020-08-15,"County Ground, Hove",2,3.5,Essex,Sussex,T Westley,AN Cook,HT Crocombe,0,0,,,,,,,,,
1227610,2020,2020-08-15,"County Ground, Hove",2,3.6,Essex,Sussex,T Westley,AN Cook,HT Crocombe,0,0,,,,,,,,,
1227610,2020,2020-08-15,"County Ground, Hove",2,4.1,Essex,Sussex,AN Cook,T Westley,ME Claydon,0,0,,,,,,,,,
1227610,2020,2020-08-15,"County Ground, Hove",2,4.2,Essex,Sussex,AN Cook,T Westley,ME Claydon,1,0,,,,,,,,,
1227610,2020,2020-08-15,"County Ground, Hove",2,4.3,Essex,Sussex,T Westley,AN Cook,ME Claydon,0,0,,,,,,,,,
1227610,2020,2020-08-15,"County Ground, Hove",2,4.4,Essex,Sussex,T Westley,AN Cook,ME Claydon,0,2,,2,,,,,,,
1227610,2020,2020-08-15,"County Ground, Hove",2,4.5,Essex,Sussex,T Westley,AN Cook,ME Claydon,0,0,,,,,,,,,
1227610,2020,2020-08-15,"County Ground, Hove",2,4.6,Essex,Sussex,T Westley,AN Cook,ME Claydon,0,0,,,,,,,,,
1227610,2020,2020-08-15,"County Ground, Hove",2,4.7,Essex,Sussex,T Westley,AN Cook,ME Claydon,1,0,,,,,,,,,
1227610,2020,2020-08-15,"County Ground, Hove",2,5.1,Essex,Sussex,T Westley,AN Cook,HT Crocombe,0,0,,,,,,,,,
1227610,2020,2020-08-15,"County Ground, Hove",2,5.2,Essex,Sussex,T Westley,AN Cook,HT Crocombe,0,0,,,,,,,,,
1227610,2020,2020-08-15,"County Ground, Hove",2,5.3,Essex,Sussex,T Westley,AN Cook,HT Crocombe,0,0,,,,,,,,,
1227610,2020,2020-08-15,"County Ground, Hove",2,5.4,Essex,Sussex,T Westley,AN Cook,HT Crocombe,0,0,,,,,,,,,
1227610,2020,2020-08-15,"County Ground, Hove",2,5.5,Essex,Sussex,T Westley,AN Cook,HT Crocombe,0,0,,,,,,,,,
1227610,2020,2020-08-15,"County Ground, Hove",2,5.6,Essex,Sussex,T Westley,AN Cook,HT Crocombe,0,0,,,,,,,,,
1227610,2020,2020-08-15,"County Ground, Hove",2,6.1,Essex,Sussex,AN Cook,T Westley,ME Claydon,0,0,,,,,,,,,
1227610,2020,2020-08-15,"County Ground, Hove",2,6.2,Essex,Sussex,AN Cook,T Westley,ME Claydon,0,0,,,,,,,,,
1227610,2020,2020-08-15,"County Ground, Hove",2,6.3,Essex,Sussex,AN Cook,T Westley,ME Claydon,0,0,,,,,,,,,
1227610,2020,2020-08-15,"County Ground, Hove",2,6.4,Essex,Sussex,AN Cook,T Westley,ME Claydon,0,0,,,,,,,,,
1227610,2020,2020-08-15,"County Ground, Hove",2,6.5,Essex,Sussex,AN Cook,T Westley,ME Claydon,1,0,,,,,,,,,
1227610,2020,2020-08-15,"County Ground, Hove",2,6.6,Essex,Sussex,T Westley,AN Cook,ME Claydon,0,0,,,,,,,,,
1227610,2020,2020-08-15,"County Ground, Hove",2,7.1,Essex,Sussex,AN Cook,T Westley,HT Crocombe,0,0,,,,,,,,,
1227610,2020,2020-08-15,"County Ground, Hove",2,7.2,Essex,Sussex,AN Cook,T Westley,HT Crocombe,0,0,,,,,,,,,
1227610,2020,2020-08-15,"County Ground, Hove",2,7.3,Essex,Sussex,AN Cook,T Westley,HT Crocombe,0,0,,,,,,,,,
1227610,2020,2020-08-15,"County Ground, Hove",2,7.4,Essex,Sussex,AN Cook,T Westley,HT Crocombe,0,0,,,,,,,,,
1227610,2020,2020-08-15,"County Ground, Hove",2,7.5,Essex,Sussex,AN Cook,T Westley,HT Crocombe,0,0,,,,,,,,,
1227610,2020,2020-08-15,"County Ground, Hove",2,7.6,Essex,Sussex,AN Cook,T Westley,HT Crocombe,0,0,,,,,,,,,
1227610,2020,2020-08-15,"County Ground, Hove",2,8.1,Essex,Sussex,T Westley,AN Cook,ME Claydon,0,0,,,,,,,,,
1227610,2020,2020-08-15,"County Ground, Hove",2,8.2,Essex,Sussex,T Westley,AN Cook,ME Claydon,0,0,,,,,,,,,
1227610,2020,2020-08-15,"County Ground, Hove",2,8.3,Essex,Sussex,T Westley,AN Cook,ME Claydon,2,0,,,,,,,,,
1227610,2020,2020-08-15,"County Ground, Hove",2,8.4,Essex,Sussex,T Westley,AN Cook,ME Claydon,0,0,,,,,,,,,
1227610,2020,2020-08-15,"County Ground, Hove",2,8.5,Essex,Sussex,T Westley,AN Cook,ME Claydon,0,0,,,,,,,,,
1227610,2020,2020-08-15,"County Ground, Hove",2,8.6,Essex,Sussex,T Westley,AN Cook,ME Claydon,0,0,,,,,,,,,
1227610,2020,2020-08-15,"County Ground, Hove",2,9.1,Essex,Sussex,AN Cook,T Westley,HT Crocombe,0,0,,,,,,,,,
1227610,2020,2020-08-15,"County Ground, Hove",2,9.2,Essex,Sussex,AN Cook,T Westley,HT Crocombe,0,1,,,,1,,,,,
1227610,2020,2020-08-15,"County Ground, Hove",2,9.3,Essex,Sussex,T Westley,AN Cook,HT Crocombe,0,0,,,,,,caught,T Westley,,
1227610,2020,2020-08-15,"County Ground, Hove",2,9.4,Essex,Sussex,DW Lawrence,AN Cook,HT Crocombe,0,0,,,,,,,,,
1227610,2020,2020-08-15,"County Ground, Hove",2,9.5,Essex,Sussex,DW Lawrence,AN Cook,HT Crocombe,2,0,,,,,,,,,
1227610,2020,2020-08-15,"County Ground, Hove",2,9.6,Essex,Sussex,DW Lawrence,AN Cook,HT Crocombe,0,0,,,,,,,,,
1227610,2020,2020-08-15,"County Ground, Hove",2,10.1,Essex,Sussex,AN Cook,DW Lawrence,ME Claydon,0,0,,,,,,,,,
1227610,2020,2020-08-15,"County Ground, Hove",2,10.2,Essex,Sussex,AN Cook,DW Lawrence,ME Claydon,0,0,,,,,,,,,
1227610,2020,2020-08-15,"County Ground, Hove",2,10.3,Essex,Sussex,AN Cook,DW Lawrence,ME Claydon,0,4,,,,4,,,,,
1227610,2020,2020-08-15,"County Ground, Hove",2,10.4,Essex,Sussex,AN Cook,DW Lawrence,ME Claydon,0,0,,,,,,,,,
1227610,2020,2020-08-15,"County Ground, Hove",2,10.5,Essex,Sussex,AN Cook,DW Lawrence,ME Claydon,0,0,,,,,,,,,
1227610,2020,2020-08-15,"County Ground, Hove",2,10.6,Essex,Sussex,AN Cook,DW Lawrence,ME Claydon,0,1,,,,1,,,,,
1227610,2020,2020-08-15,"County Ground, Hove",2,11.1,Essex,Sussex,AN Cook,DW Lawrence,HT Crocombe,0,0,,,,,,,,,
1227610,2020,2020-08-15,"County Ground, Hove",2,11.2,Essex,Sussex,AN Cook,DW Lawrence,HT Crocombe,0,0,,,,,,,,,
1227610,2020,2020-08-15,"County Ground, Hove",2,11.3,Essex,Sussex,AN Cook,DW Lawrence,HT Crocombe,1,0,,,,,,,,,
1227610,2020,2020-08-15,"County Ground, Hove",2,11.4,Essex,Sussex,DW Lawrence,AN Cook,HT Crocombe,0,0,,,,,,,,,
1227610,2020,2020-08-15,"County Ground, Hove",2,11.5,Essex,Sussex,DW Lawrence,AN Cook,HT Crocombe,0,0,,,,,,,,,
1227610,2020,2020-08-15,"County Ground, Hove",2,11.6,Essex,Sussex,DW Lawrence,AN Cook,HT Crocombe,0,0,,,,,,,,,
1227610,2020,2020-08-15,"County Ground, Hove",2,12.1,Essex,Sussex,AN Cook,DW Lawrence,TJ Haines,0,0,,,,,,,,,
1227610,2020,2020-08-15,"County Ground, Hove",2,12.2,Essex,Sussex,AN Cook,DW Lawrence,TJ Haines,0,0,,,,,,,,,
1227610,2020,2020-08-15,"County Ground, Hove",2,12.3,Essex,Sussex,AN Cook,DW Lawrence,TJ Haines,0,0,,,,,,,,,
1227610,2020,2020-08-15,"County Ground, Hove",2,12.4,Essex,Sussex,AN Cook,DW Lawrence,TJ Haines,1,0,,,,,,,,,
1227610,2020,2020-08-15,"County Ground, Hove",2,12.5,Essex,Sussex,DW Lawrence,AN Cook,TJ Haines,4,0,,,,,,,,,
1227610,2020,2020-08-15,"County Ground, Hove",2,12.6,Essex,Sussex,DW Lawrence,AN Cook,TJ Haines,0,0,,,,,,,,,
1227610,2020,2020-08-15,"County Ground, Hove",2,13.1,Essex,Sussex,AN Cook,DW Lawrence,GHS Garton,0,1,,,1,,,,,,
1227610,2020,2020-08-15,"County Ground, Hove",2,13.2,Essex,Sussex,DW Lawrence,AN Cook,GHS Garton,0,0,,,,,,,,,
1227610,2020,2020-08-15,"County Ground, Hove",2,13.3,Essex,Sussex,DW Lawrence,AN Cook,GHS Garton,0,0,,,,,,,,,
1227610,2020,2020-08-15,"County Ground, Hove",2,13.4,Essex,Sussex,DW Lawrence,AN Cook,GHS Garton,0,0,,,,,,,,,
1227610,2020,2020-08-15,"County Ground, Hove",2,13.5,Essex,Sussex,DW Lawrence,AN Cook,GHS Garton,0,0,,,,,,,,,
1227610,2020,2020-08-15,"County Ground, Hove",2,13.6,Essex,Sussex,DW Lawrence,AN Cook,GHS Garton,0,0,,,,,,caught,DW Lawrence,,
1227610,2020,2020-08-15,"County Ground, Hove",2,14.1,Essex,Sussex,AN Cook,RN ten Doeschate,ME Claydon,0,0,,,,,,,,,
1227610,2020,2020-08-15,"County Ground, Hove",2,14.2,Essex,Sussex,AN Cook,RN ten Doeschate,ME Claydon,1,0,,,,,,,,,
1227610,2020,2020-08-15,"County Ground, Hove",2,14.3,Essex,Sussex,RN ten Doeschate,AN Cook,ME Claydon,0,0,,,,,,,,,
1227610,2020,2020-08-15,"County Ground, Hove",2,14.4,Essex,Sussex,RN ten Doeschate,AN Cook,ME Claydon,0,0,,,,,,,,,
1227610,2020,2020-08-15,"County Ground, Hove",2,14.5,Essex,Sussex,RN ten Doeschate,AN Cook,ME Claydon,0,0,,,,,,,,,
1227610,2020,2020-08-15,"County Ground, Hove",2,14.6,Essex,Sussex,RN ten Doeschate,AN Cook,ME Claydon,0,0,,,,,,,,,
1227610,2020,2020-08-15,"County Ground, Hove",2,15.1,Essex,Sussex,AN Cook,RN ten Doeschate,GHS Garton,0,0,,,,,,,,,
1227610,2020,2020-08-15,"County Ground, Hove",2,15.2,Essex,Sussex,AN Cook,RN ten Doeschate,GHS Garton,0,0,,,,,,,,,
1227610,2020,2020-08-15,"County Ground, Hove",2,15.3,Essex,Sussex,AN Cook,RN ten Doeschate,GHS Garton,2,0,,,,,,,,,
1227610,2020,2020-08-15,"County Ground, Hove",2,15.4,Essex,Sussex,AN Cook,RN ten Doeschate,GHS Garton,0,0,,,,,,,,,
1227610,2020,2020-08-15,"County Ground, Hove",2,15.5,Essex,Sussex,AN Cook,RN ten Doeschate,GHS Garton,0,0,,,,,,,,,
1227610,2020,2020-08-15,"County Ground, Hove",2,15.6,Essex,Sussex,AN Cook,RN ten Doeschate,GHS Garton,4,0,,,,,,,,,
1227610,2020,2020-08-15,"County Ground, Hove",2,16.1,Essex,Sussex,RN ten Doeschate,AN Cook,ME Claydon,0,0,,,,,,,,,
1227610,2020,2020-08-15,"County Ground, Hove",2,16.2,Essex,Sussex,RN ten Doeschate,AN Cook,ME Claydon,0,0,,,,,,,,,
1227610,2020,2020-08-15,"County Ground, Hove",2,16.3,Essex,Sussex,RN ten Doeschate,AN Cook,ME Claydon,0,0,,,,,,,,,
1227610,2020,2020-08-15,"County Ground, Hove",2,16.4,Essex,Sussex,RN ten Doeschate,AN Cook,ME Claydon,0,0,,,,,,,,,
1227610,2020,2020-08-15,"County Ground, Hove",2,16.5,Essex,Sussex,RN ten Doeschate,AN Cook,ME Claydon,0,0,,,,,,,,,
1227610,2020,2020-08-15,"County Ground, Hove",2,16.6,Essex,Sussex,RN ten Doeschate,AN Cook,ME Claydon,0,0,,,,,,,,,
1227610,2020,2020-08-15,"County Ground, Hove",2,17.1,Essex,Sussex,AN Cook,RN ten Doeschate,GHS Garton,0,0,,,,,,,,,
1227610,2020,2020-08-15,"County Ground, Hove",2,17.2,Essex,Sussex,AN Cook,RN ten Doeschate,GHS Garton,0,0,,,,,,,,,
1227610,2020,2020-08-15,"County Ground, Hove",2,17.3,Essex,Sussex,AN Cook,RN ten Doeschate,GHS Garton,0,0,,,,,,,,,
1227610,2020,2020-08-15,"County Ground, Hove",2,17.4,Essex,Sussex,AN Cook,RN ten Doeschate,GHS Garton,0,0,,,,,,,,,
1227610,2020,2020-08-15,"County Ground, Hove",2,17.5,Essex,Sussex,AN Cook,RN ten Doeschate,GHS Garton,1,0,,,,,,,,,
1227610,2020,2020-08-15,"County Ground, Hove",2,17.6,Essex,Sussex,RN ten Doeschate,AN Cook,GHS Garton,4,0,,,,,,,,,
1227610,2020,2020-08-15,"County Ground, Hove",2,18.1,Essex,Sussex,AN Cook,RN ten Doeschate,ME Claydon,0,0,,,,,,,,,
1227610,2020,2020-08-15,"County Ground, Hove",2,18.2,Essex,Sussex,AN Cook,RN ten Doeschate,ME Claydon,0,0,,,,,,,,,
1227610,2020,2020-08-15,"County Ground, Hove",2,18.3,Essex,Sussex,AN Cook,RN ten Doeschate,ME Claydon,0,0,,,,,,,,,
1227610,2020,2020-08-15,"County Ground, Hove",2,18.4,Essex,Sussex,AN Cook,RN ten Doeschate,ME Claydon,0,0,,,,,,,,,
1227610,2020,2020-08-15,"County Ground, Hove",2,18.5,Essex,Sussex,AN Cook,RN ten Doeschate,ME Claydon,0,0,,,,,,,,,
1227610,2020,2020-08-15,"County Ground, Hove",2,18.6,Essex,Sussex,AN Cook,RN ten Doeschate,ME Claydon,4,0,,,,,,,,,
1227610,2020,2020-08-15,"County Ground, Hove",2,19.1,Essex,Sussex,RN ten Doeschate,AN Cook,GHS Garton,0,0,,,,,,,,,
1227610,2020,2020-08-15,"County Ground, Hove",2,19.2,Essex,Sussex,RN ten Doeschate,AN Cook,GHS Garton,0,0,,,,,,,,,
1227610,2020,2020-08-15,"County Ground, Hove",2,19.3,Essex,Sussex,RN ten Doeschate,AN Cook,GHS Garton,0,0,,,,,,,,,
1227610,2020,2020-08-15,"County Ground, Hove",2,19.4,Essex,Sussex,RN ten Doeschate,AN Cook,GHS Garton,0,0,,,,,,,,,
1227610,2020,2020-08-15,"County Ground, Hove",2,19.5,Essex,Sussex,RN ten Doeschate,AN Cook,GHS Garton,0,2,,,,2,,,,,
1227610,2020,2020-08-15,"County Ground, Hove",2,19.6,Essex,Sussex,RN ten Doeschate,AN Cook,GHS Garton,0,0,,,,,,,,,
1227610,2020,2020-08-15,"County Ground, Hove",2,20.1,Essex,Sussex,AN Cook,RN ten Doeschate,ME Claydon,0,0,,,,,,,,,
1227610,2020,2020-08-15,"County Ground, Hove",2,20.2,Essex,Sussex,AN Cook,RN ten Doeschate,ME Claydon,0,0,,,,,,,,,
1227610,2020,2020-08-15,"County Ground, Hove",2,20.3,Essex,Sussex,AN Cook,RN ten Doeschate,ME Claydon,0,0,,,,,,,,,
1227610,2020,2020-08-15,"County Ground, Hove",2,20.4,Essex,Sussex,AN Cook,RN ten Doeschate,ME Claydon,1,0,,,,,,,,,
1227610,2020,2020-08-15,"County Ground, Hove",2,20.5,Essex,Sussex,RN ten Doeschate,AN Cook,ME Claydon,1,0,,,,,,,,,
1227610,2020,2020-08-15,"County Ground, Hove",2,20.6,Essex,Sussex,AN Cook,RN ten Doeschate,ME Claydon,1,0,,,,,,,,,
1227610,2020,2020-08-15,"County Ground, Hove",2,21.1,Essex,Sussex,AN Cook,RN ten Doeschate,GHS Garton,0,0,,,,,,,,,
1227610,2020,2020-08-15,"County Ground, Hove",2,21.2,Essex,Sussex,AN Cook,RN ten Doeschate,GHS Garton,0,0,,,,,,,,,
1227610,2020,2020-08-15,"County Ground, Hove",2,21.3,Essex,Sussex,AN Cook,RN ten Doeschate,GHS Garton,0,0,,,,,,lbw,AN Cook,,
1227610,2020,2020-08-15,"County Ground, Hove",2,21.4,Essex,Sussex,PI Walter,RN ten Doeschate,GHS Garton,0,0,,,,,,,,,
1227610,2020,2020-08-15,"County Ground, Hove",2,21.5,Essex,Sussex,PI Walter,RN ten Doeschate,GHS Garton,0,0,,,,,,,,,
1227610,2020,2020-08-15,"County Ground, Hove",2,21.6,Essex,Sussex,PI Walter,RN ten Doeschate,GHS Garton,0,2,,2,,,,,,,
1227610,2020,2020-08-15,"County Ground, Hove",2,21.7,Essex,Sussex,PI Walter,RN ten Doeschate,GHS Garton,0,0,,,,,,,,,
1227610,2020,2020-08-15,"County Ground, Hove",2,22.1,Essex,Sussex,RN ten Doeschate,PI Walter,ME Claydon,0,0,,,,,,,,,
1227610,2020,2020-08-15,"County Ground, Hove",2,22.2,Essex,Sussex,RN ten Doeschate,PI Walter,ME Claydon,0,0,,,,,,,,,
1227610,2020,2020-08-15,"County Ground, Hove",2,22.3,Essex,Sussex,RN ten Doeschate,PI Walter,ME Claydon,0,0,,,,,,,,,
1227610,2020,2020-08-15,"County Ground, Hove",2,22.4,Essex,Sussex,RN ten Doeschate,PI Walter,ME Claydon,0,0,,,,,,,,,
1227610,2020,2020-08-15,"County Ground, Hove",2,22.5,Essex,Sussex,RN ten Doeschate,PI Walter,ME Claydon,1,0,,,,,,,,,
1227610,2020,2020-08-15,"County Ground, Hove",2,22.6,Essex,Sussex,PI Walter,RN ten Doeschate,ME Claydon,0,0,,,,,,,,,
1227610,2020,2020-08-15,"County Ground, Hove",2,23.1,Essex,Sussex,RN ten Doeschate,PI Walter,GHS Garton,0,0,,,,,,,,,
1227610,2020,2020-08-15,"County Ground, Hove",2,23.2,Essex,Sussex,RN ten Doeschate,PI Walter,GHS Garton,4,0,,,,,,,,,
1227610,2020,2020-08-15,"County Ground, Hove",2,23.3,Essex,Sussex,RN ten Doeschate,PI Walter,GHS Garton,0,0,,,,,,,,,
1227610,2020,2020-08-15,"County Ground, Hove",2,23.4,Essex,Sussex,RN ten Doeschate,PI Walter,GHS Garton,1,0,,,,,,,,,
1227610,2020,2020-08-15,"County Ground, Hove",2,23.5,Essex,Sussex,PI Walter,RN ten Doeschate,GHS Garton,0,0,,,,,,,,,
1227610,2020,2020-08-15,"County Ground, Hove",2,23.6,Essex,Sussex,PI Walter,RN ten Doeschate,GHS Garton,0,0,,,,,,,,,
1227610,2020,2020-08-15,"County Ground, Hove",2,24.1,Essex,Sussex,RN ten Doeschate,PI Walter,TJ Haines,0,0,,,,,,,,,
1227610,2020,2020-08-15,"County Ground, Hove",2,24.2,Essex,Sussex,RN ten Doeschate,PI Walter,TJ Haines,0,0,,,,,,,,,
1227610,2020,2020-08-15,"County Ground, Hove",2,24.3,Essex,Sussex,RN ten Doeschate,PI Walter,TJ Haines,2,0,,,,,,,,,
1227610,2020,2020-08-15,"County Ground, Hove",2,24.4,Essex,Sussex,RN ten Doeschate,PI Walter,TJ Haines,0,0,,,,,,caught,RN ten Doeschate,,
1227610,2020,2020-08-15,"County Ground, Hove",2,24.5,Essex,Sussex,AJA Wheater,PI Walter,TJ Haines,0,0,,,,,,,,,
1227610,2020,2020-08-15,"County Ground, Hove",2,24.6,Essex,Sussex,AJA Wheater,PI Walter,TJ Haines,0,0,,,,,,,,,
1227610,2020,2020-08-15,"County Ground, Hove",2,25.1,Essex,Sussex,PI Walter,AJA Wheater,HT Crocombe,0,0,,,,,,,,,
1227610,2020,2020-08-15,"County Ground, Hove",2,25.2,Essex,Sussex,PI Walter,AJA Wheater,HT Crocombe,4,0,,,,,,,,,
1227610,2020,2020-08-15,"County Ground, Hove",2,25.3,Essex,Sussex,PI Walter,AJA Wheater,HT Crocombe,3,0,,,,,,,,,
1227610,2020,2020-08-15,"County Ground, Hove",2,25.4,Essex,Sussex,AJA Wheater,PI Walter,HT Crocombe,0,0,,,,,,,,,
1227610,2020,2020-08-15,"County Ground, Hove",2,25.5,Essex,Sussex,AJA Wheater,PI Walter,HT Crocombe,0,0,,,,,,,,,
1227610,2020,2020-08-15,"County Ground, Hove",2,25.6,Essex,Sussex,AJA Wheater,PI Walter,HT Crocombe,0,0,,,,,,,,,
1227610,2020,2020-08-15,"County Ground, Hove",2,26.1,Essex,Sussex,PI Walter,AJA Wheater,TJ Haines,0,0,,,,,,,,,
1227610,2020,2020-08-15,"County Ground, Hove",2,26.2,Essex,Sussex,PI Walter,AJA Wheater,TJ Haines,0,0,,,,,,,,,
1227610,2020,2020-08-15,"County Ground, Hove",2,26.3,Essex,Sussex,PI Walter,AJA Wheater,TJ Haines,0,0,,,,,,,,,
1227610,2020,2020-08-15,"County Ground, Hove",2,26.4,Essex,Sussex,PI Walter,AJA Wheater,TJ Haines,0,0,,,,,,,,,
1227610,2020,2020-08-15,"County Ground, Hove",2,26.5,Essex,Sussex,PI Walter,AJA Wheater,TJ Haines,0,0,,,,,,,,,
1227610,2020,2020-08-15,"County Ground, Hove",2,26.6,Essex,Sussex,PI Walter,AJA Wheater,TJ Haines,0,0,,,,,,,,,
1227610,2020,2020-08-15,"County Ground, Hove",2,27.1,Essex,Sussex,AJA Wheater,PI Walter,HT Crocombe,0,0,,,,,,,,,
1227610,2020,2020-08-15,"County Ground, Hove",2,27.2,Essex,Sussex,AJA Wheater,PI Walter,HT Crocombe,0,0,,,,,,,,,
1227610,2020,2020-08-15,"County Ground, Hove",2,27.3,Essex,Sussex,AJA Wheater,PI Walter,HT Crocombe,0,0,,,,,,,,,
1227610,2020,2020-08-15,"County Ground, Hove",2,27.4,Essex,Sussex,AJA Wheater,PI Walter,HT Crocombe,0,0,,,,,,,,,
1227610,2020,2020-08-15,"County Ground, Hove",2,27.5,Essex,Sussex,AJA Wheater,PI Walter,HT Crocombe,0,0,,,,,,,,,
1227610,2020,2020-08-15,"County Ground, Hove",2,27.6,Essex,Sussex,AJA Wheater,PI Walter,HT Crocombe,0,0,,,,,,,,,
1227610,2020,2020-08-15,"County Ground, Hove",2,28.1,Essex,Sussex,PI Walter,AJA Wheater,TJ Haines,0,0,,,,,,,,,
1227610,2020,2020-08-15,"County Ground, Hove",2,28.2,Essex,Sussex,PI Walter,AJA Wheater,TJ Haines,0,0,,,,,,,,,
1227610,2020,2020-08-15,"County Ground, Hove",2,28.3,Essex,Sussex,PI Walter,AJA Wheater,TJ Haines,0,0,,,,,,,,,
1227610,2020,2020-08-15,"County Ground, Hove",2,28.4,Essex,Sussex,PI Walter,AJA Wheater,TJ Haines,0,0,,,,,,,,,
1227610,2020,2020-08-15,"County Ground, Hove",2,28.5,Essex,Sussex,PI Walter,AJA Wheater,TJ Haines,0,0,,,,,,,,,
1227610,2020,2020-08-15,"County Ground, Hove",2,28.6,Essex,Sussex,PI Walter,AJA Wheater,TJ Haines,1,0,,,,,,,,,
1227610,2020,2020-08-15,"County Ground, Hove",2,29.1,Essex,Sussex,PI Walter,AJA Wheater,HT Crocombe,4,0,,,,,,,,,
1227610,2020,2020-08-15,"County Ground, Hove",2,29.2,Essex,Sussex,PI Walter,AJA Wheater,HT Crocombe,0,0,,,,,,,,,
1227610,2020,2020-08-15,"County Ground, Hove",2,29.3,Essex,Sussex,PI Walter,AJA Wheater,HT Crocombe,0,0,,,,,,,,,
1227610,2020,2020-08-15,"County Ground, Hove",2,29.4,Essex,Sussex,PI Walter,AJA Wheater,HT Crocombe,0,0,,,,,,,,,
1227610,2020,2020-08-15,"County Ground, Hove",2,29.5,Essex,Sussex,PI Walter,AJA Wheater,HT Crocombe,4,0,,,,,,,,,
1227610,2020,2020-08-15,"County Ground, Hove",2,29.6,Essex,Sussex,PI Walter,AJA Wheater,HT Crocombe,0,0,,,,,,,,,
1227610,2020,2020-08-15,"County Ground, Hove",2,30.1,Essex,Sussex,AJA Wheater,PI Walter,TJ Haines,1,0,,,,,,,,,
1227610,2020,2020-08-15,"County Ground, Hove",2,30.2,Essex,Sussex,PI Walter,AJA Wheater,TJ Haines,0,0,,,,,,,,,
1227610,2020,2020-08-15,"County Ground, Hove",2,30.3,Essex,Sussex,PI Walter,AJA Wheater,TJ Haines,1,0,,,,,,,,,
1227610,2020,2020-08-15,"County Ground, Hove",2,30.4,Essex,Sussex,AJA Wheater,PI Walter,TJ Haines,1,0,,,,,,,,,
1227610,2020,2020-08-15,"County Ground, Hove",2,30.5,Essex,Sussex,PI Walter,AJA Wheater,TJ Haines,0,0,,,,,,,,,
1227610,2020,2020-08-15,"County Ground, Hove",2,30.6,Essex,Sussex,PI Walter,AJA Wheater,TJ Haines,0,0,,,,,,,,,
1227610,2020,2020-08-15,"County Ground, Hove",2,31.1,Essex,Sussex,AJA Wheater,PI Walter,HT Crocombe,0,0,,,,,,,,,
1227610,2020,2020-08-15,"County Ground, Hove",2,31.2,Essex,Sussex,AJA Wheater,PI Walter,HT Crocombe,0,0,,,,,,,,,
1227610,2020,2020-08-15,"County Ground, Hove",2,31.3,Essex,Sussex,AJA Wheater,PI Walter,HT Crocombe,0,0,,,,,,,,,
1227610,2020,2020-08-15,"County Ground, Hove",2,31.4,Essex,Sussex,AJA Wheater,PI Walter,HT Crocombe,0,0,,,,,,,,,
1227610,2020,2020-08-15,"County Ground, Hove",2,31.5,Essex,Sussex,AJA Wheater,PI Walter,HT Crocombe,0,0,,,,,,,,,
1227610,2020,2020-08-15,"County Ground, Hove",2,31.6,Essex,Sussex,AJA Wheater,PI Walter,HT Crocombe,4,0,,,,,,,,,
1227610,2020,2020-08-15,"County Ground, Hove",2,32.1,Essex,Sussex,PI Walter,AJA Wheater,TJ Haines,0,0,,,,,,,,,
1227610,2020,2020-08-15,"County Ground, Hove",2,32.2,Essex,Sussex,PI Walter,AJA Wheater,TJ Haines,0,0,,,,,,,,,
1227610,2020,2020-08-15,"County Ground, Hove",2,32.3,Essex,Sussex,PI Walter,AJA Wheater,TJ Haines,0,0,,,,,,,,,
1227610,2020,2020-08-15,"County Ground, Hove",2,32.4,Essex,Sussex,PI Walter,AJA Wheater,TJ Haines,1,0,,,,,,,,,
1227610,2020,2020-08-15,"County Ground, Hove",2,32.5,Essex,Sussex,AJA Wheater,PI Walter,TJ Haines,0,5,5,,,,,,,,
1227610,2020,2020-08-15,"County Ground, Hove",2,32.6,Essex,Sussex,AJA Wheater,PI Walter,TJ Haines,0,0,,,,,,,,,
1227610,2020,2020-08-15,"County Ground, Hove",2,32.7,Essex,Sussex,AJA Wheater,PI Walter,TJ Haines,0,0,,,,,,,,,
1227610,2020,2020-08-15,"County Ground, Hove",2,33.1,Essex,Sussex,PI Walter,AJA Wheater,SC Meaker,1,0,,,,,,,,,
1227610,2020,2020-08-15,"County Ground, Hove",2,33.2,Essex,Sussex,AJA Wheater,PI Walter,SC Meaker,0,0,,,,,,,,,
1227610,2020,2020-08-15,"County Ground, Hove",2,33.3,Essex,Sussex,AJA Wheater,PI Walter,SC Meaker,0,0,,,,,,,,,
1227610,2020,2020-08-15,"County Ground, Hove",2,33.4,Essex,Sussex,AJA Wheater,PI Walter,SC Meaker,0,0,,,,,,,,,
1227610,2020,2020-08-15,"County Ground, Hove",2,33.5,Essex,Sussex,AJA Wheater,PI Walter,SC Meaker,0,0,,,,,,caught,AJA Wheater,,
1227610,2020,2020-08-15,"County Ground, Hove",2,33.6,Essex,Sussex,SR Harmer,PI Walter,SC Meaker,0,0,,,,,,,,,
1227610,2020,2020-08-15,"County Ground, Hove",2,34.1,Essex,Sussex,PI Walter,SR Harmer,DMW Rawlins,0,0,,,,,,,,,
1227610,2020,2020-08-15,"County Ground, Hove",2,34.2,Essex,Sussex,PI Walter,SR Harmer,DMW Rawlins,0,0,,,,,,,,,
1227610,2020,2020-08-15,"County Ground, Hove",2,34.3,Essex,Sussex,PI Walter,SR Harmer,DMW Rawlins,0,0,,,,,,,,,
1227610,2020,2020-08-15,"County Ground, Hove",2,34.4,Essex,Sussex,PI Walter,SR Harmer,DMW Rawlins,0,0,,,,,,,,,
1227610,2020,2020-08-15,"County Ground, Hove",2,34.5,Essex,Sussex,PI Walter,SR Harmer,DMW Rawlins,0,0,,,,,,,,,
1227610,2020,2020-08-15,"County Ground, Hove",2,34.6,Essex,Sussex,PI Walter,SR Harmer,DMW Rawlins,0,0,,,,,,,,,
1227610,2020,2020-08-15,"County Ground, Hove",2,35.1,Essex,Sussex,SR Harmer,PI Walter,SC Meaker,0,0,,,,,,,,,
1227610,2020,2020-08-15,"County Ground, Hove",2,35.2,Essex,Sussex,SR Harmer,PI Walter,SC Meaker,0,0,,,,,,,,,
1227610,2020,2020-08-15,"County Ground, Hove",2,35.3,Essex,Sussex,SR Harmer,PI Walter,SC Meaker,0,0,,,,,,,,,
1227610,2020,2020-08-15,"County Ground, Hove",2,35.4,Essex,Sussex,SR Harmer,PI Walter,SC Meaker,1,0,,,,,,,,,
1227610,2020,2020-08-15,"County Ground, Hove",2,35.5,Essex,Sussex,PI Walter,SR Harmer,SC Meaker,0,0,,,,,,,,,
1227610,2020,2020-08-15,"County Ground, Hove",2,35.6,Essex,Sussex,PI Walter,SR Harmer,SC Meaker,2,0,,,,,,,,,
1227610,2020,2020-08-15,"County Ground, Hove",2,36.1,Essex,Sussex,SR Harmer,PI Walter,DMW Rawlins,0,0,,,,,,,,,
1227610,2020,2020-08-15,"County Ground, Hove",2,36.2,Essex,Sussex,SR Harmer,PI Walter,DMW Rawlins,0,0,,,,,,,,,
1227610,2020,2020-08-15,"County Ground, Hove",2,36.3,Essex,Sussex,SR Harmer,PI Walter,DMW Rawlins,1,0,,,,,,,,,
1227610,2020,2020-08-15,"County Ground, Hove",2,36.4,Essex,Sussex,PI Walter,SR Harmer,DMW Rawlins,0,0,,,,,,,,,
1227610,2020,2020-08-15,"County Ground, Hove",2,36.5,Essex,Sussex,PI Walter,SR Harmer,DMW Rawlins,4,0,,,,,,,,,
1227610,2020,2020-08-15,"County Ground, Hove",2,36.6,Essex,Sussex,PI Walter,SR Harmer,DMW Rawlins,0,0,,,,,,,,,
1227610,2020,2020-08-15,"County Ground, Hove",2,37.1,Essex,Sussex,SR Harmer,PI Walter,SC Meaker,4,0,,,,,,,,,
1227610,2020,2020-08-15,"County Ground, Hove",2,37.2,Essex,Sussex,SR Harmer,PI Walter,SC Meaker,1,0,,,,,,,,,
1227610,2020,2020-08-15,"County Ground, Hove",2,37.3,Essex,Sussex,PI Walter,SR Harmer,SC Meaker,0,0,,,,,,,,,
1227610,2020,2020-08-15,"County Ground, Hove",2,37.4,Essex,Sussex,PI Walter,SR Harmer,SC Meaker,0,0,,,,,,,,,
1227610,2020,2020-08-15,"County Ground, Hove",2,37.5,Essex,Sussex,PI Walter,SR Harmer,SC Meaker,0,0,,,,,,,,,
1227610,2020,2020-08-15,"County Ground, Hove",2,37.6,Essex,Sussex,PI Walter,SR Harmer,SC Meaker,0,0,,,,,,,,,
1227610,2020,2020-08-15,"County Ground, Hove",2,38.1,Essex,Sussex,SR Harmer,PI Walter,DMW Rawlins,0,0,,,,,,,,,
1227610,2020,2020-08-15,"County Ground, Hove",2,38.2,Essex,Sussex,SR Harmer,PI Walter,DMW Rawlins,0,0,,,,,,,,,
1227610,2020,2020-08-15,"County Ground, Hove",2,38.3,Essex,Sussex,SR Harmer,PI Walter,DMW Rawlins,0,0,,,,,,,,,
1227610,2020,2020-08-15,"County Ground, Hove",2,38.4,Essex,Sussex,SR Harmer,PI Walter,DMW Rawlins,0,0,,,,,,,,,
1227610,2020,2020-08-15,"County Ground, Hove",2,38.5,Essex,Sussex,SR Harmer,PI Walter,DMW Rawlins,0,0,,,,,,,,,
1227610,2020,2020-08-15,"County Ground, Hove",2,38.6,Essex,Sussex,SR Harmer,PI Walter,DMW Rawlins,0,0,,,,,,,,,
1227610,2020,2020-08-15,"County Ground, Hove",2,39.1,Essex,Sussex,PI Walter,SR Harmer,SC Meaker,0,0,,,,,,,,,
1227610,2020,2020-08-15,"County Ground, Hove",2,39.2,Essex,Sussex,PI Walter,SR Harmer,SC Meaker,0,0,,,,,,,,,
1227610,2020,2020-08-15,"County Ground, Hove",2,39.3,Essex,Sussex,PI Walter,SR Harmer,SC Meaker,0,0,,,,,,,,,
1227610,2020,2020-08-15,"County Ground, Hove",2,39.4,Essex,Sussex,PI Walter,SR Harmer,SC Meaker,0,0,,,,,,,,,
1227610,2020,2020-08-15,"County Ground, Hove",2,39.5,Essex,Sussex,PI Walter,SR Harmer,SC Meaker,0,0,,,,,,,,,
1227610,2020,2020-08-15,"County Ground, Hove",2,39.6,Essex,Sussex,PI Walter,SR Harmer,SC Meaker,0,0,,,,,,,,,
1227610,2020,2020-08-15,"County Ground, Hove",2,40.1,Essex,Sussex,SR Harmer,PI Walter,DMW Rawlins,1,0,,,,,,,,,
1227610,2020,2020-08-15,"County Ground, Hove",2,40.2,Essex,Sussex,PI Walter,SR Harmer,DMW Rawlins,0,0,,,,,,,,,
1227610,2020,2020-08-15,"County Ground, Hove",2,40.3,Essex,Sussex,PI Walter,SR Harmer,DMW Rawlins,0,0,,,,,,,,,
1227610,2020,2020-08-15,"County Ground, Hove",2,40.4,Essex,Sussex,PI Walter,SR Harmer,DMW Rawlins,0,0,,,,,,,,,
1227610,2020,2020-08-15,"County Ground, Hove",2,40.5,Essex,Sussex,PI Walter,SR Harmer,DMW Rawlins,4,0,,,,,,,,,
1227610,2020,2020-08-15,"County Ground, Hove",2,40.6,Essex,Sussex,PI Walter,SR Harmer,DMW Rawlins,0,0,,,,,,,,,
1227610,2020,2020-08-15,"County Ground, Hove",2,41.1,Essex,Sussex,SR Harmer,PI Walter,SC Meaker,0,0,,,,,,,,,
1227610,2020,2020-08-15,"County Ground, Hove",2,41.2,Essex,Sussex,SR Harmer,PI Walter,SC Meaker,0,0,,,,,,,,,
1227610,2020,2020-08-15,"County Ground, Hove",2,41.3,Essex,Sussex,SR Harmer,PI Walter,SC Meaker,0,0,,,,,,,,,
1227610,2020,2020-08-15,"County Ground, Hove",2,41.4,Essex,Sussex,SR Harmer,PI Walter,SC Meaker,0,0,,,,,,,,,
1227610,2020,2020-08-15,"County Ground, Hove",2,41.5,Essex,Sussex,SR Harmer,PI Walter,SC Meaker,0,0,,,,,,,,,
1227610,2020,2020-08-15,"County Ground, Hove",2,41.6,Essex,Sussex,SR Harmer,PI Walter,SC Meaker,4,0,,,,,,,,,
1227610,2020,2020-08-15,"County Ground, Hove",2,42.1,Essex,Sussex,PI Walter,SR Harmer,DMW Rawlins,0,0,,,,,,,,,
1227610,2020,2020-08-15,"County Ground, Hove",2,42.2,Essex,Sussex,PI Walter,SR Harmer,DMW Rawlins,0,0,,,,,,,,,
1227610,2020,2020-08-15,"County Ground, Hove",2,42.3,Essex,Sussex,PI Walter,SR Harmer,DMW Rawlins,0,0,,,,,,,,,
1227610,2020,2020-08-15,"County Ground, Hove",2,42.4,Essex,Sussex,PI Walter,SR Harmer,DMW Rawlins,0,0,,,,,,,,,
1227610,2020,2020-08-15,"County Ground, Hove",2,42.5,Essex,Sussex,PI Walter,SR Harmer,DMW Rawlins,1,0,,,,,,,,,
1227610,2020,2020-08-15,"County Ground, Hove",2,42.6,Essex,Sussex,SR Harmer,PI Walter,DMW Rawlins,1,0,,,,,,,,,
1227610,2020,2020-08-15,"County Ground, Hove",2,43.1,Essex,Sussex,SR Harmer,PI Walter,SC Meaker,1,0,,,,,,,,,
1227610,2020,2020-08-15,"County Ground, Hove",2,43.2,Essex,Sussex,PI Walter,SR Harmer,SC Meaker,0,0,,,,,,,,,
1227610,2020,2020-08-15,"County Ground, Hove",2,43.3,Essex,Sussex,PI Walter,SR Harmer,SC Meaker,1,0,,,,,,,,,
1227610,2020,2020-08-15,"County Ground, Hove",2,43.4,Essex,Sussex,SR Harmer,PI Walter,SC Meaker,0,0,,,,,,,,,
1227610,2020,2020-08-15,"County Ground, Hove",2,43.5,Essex,Sussex,SR Harmer,PI Walter,SC Meaker,0,0,,,,,,,,,
1227610,2020,2020-08-15,"County Ground, Hove",2,43.6,Essex,Sussex,SR Harmer,PI Walter,SC Meaker,0,0,,,,,,,,,
1227610,2020,2020-08-15,"County Ground, Hove",2,44.1,Essex,Sussex,PI Walter,SR Harmer,TJ Haines,1,0,,,,,,,,,
1227610,2020,2020-08-15,"County Ground, Hove",2,44.2,Essex,Sussex,SR Harmer,PI Walter,TJ Haines,0,0,,,,,,,,,
1227610,2020,2020-08-15,"County Ground, Hove",2,44.3,Essex,Sussex,SR Harmer,PI Walter,TJ Haines,0,0,,,,,,,,,
1227610,2020,2020-08-15,"County Ground, Hove",2,44.4,Essex,Sussex,SR Harmer,PI Walter,TJ Haines,0,0,,,,,,,,,
1227610,2020,2020-08-15,"County Ground, Hove",2,44.5,Essex,Sussex,SR Harmer,PI Walter,TJ Haines,0,0,,,,,,,,,
1227610,2020,2020-08-15,"County Ground, Hove",2,44.6,Essex,Sussex,SR Harmer,PI Walter,TJ Haines,0,0,,,,,,,,,
1227610,2020,2020-08-15,"County Ground, Hove",2,45.1,Essex,Sussex,PI Walter,SR Harmer,SC Meaker,0,0,,,,,,,,,
1227610,2020,2020-08-15,"County Ground, Hove",2,45.2,Essex,Sussex,PI Walter,SR Harmer,SC Meaker,0,0,,,,,,,,,
1227610,2020,2020-08-15,"County Ground, Hove",2,45.3,Essex,Sussex,PI Walter,SR Harmer,SC Meaker,0,0,,,,,,,,,
1227610,2020,2020-08-15,"County Ground, Hove",2,45.4,Essex,Sussex,PI Walter,SR Harmer,SC Meaker,1,0,,,,,,,,,
1227610,2020,2020-08-15,"County Ground, Hove",2,45.5,Essex,Sussex,SR Harmer,PI Walter,SC Meaker,1,0,,,,,,,,,
1227610,2020,2020-08-15,"County Ground, Hove",2,45.6,Essex,Sussex,PI Walter,SR Harmer,SC Meaker,0,0,,,,,,,,,
1227610,2020,2020-08-15,"County Ground, Hove",2,46.1,Essex,Sussex,SR Harmer,PI Walter,TJ Haines,0,0,,,,,,,,,
1227610,2020,2020-08-15,"County Ground, Hove",2,46.2,Essex,Sussex,SR Harmer,PI Walter,TJ Haines,0,0,,,,,,,,,
1227610,2020,2020-08-15,"County Ground, Hove",2,46.3,Essex,Sussex,SR Harmer,PI Walter,TJ Haines,0,0,,,,,,,,,
1227610,2020,2020-08-15,"County Ground, Hove",2,46.4,Essex,Sussex,SR Harmer,PI Walter,TJ Haines,0,0,,,,,,,,,
1227610,2020,2020-08-15,"County Ground, Hove",2,46.5,Essex,Sussex,SR Harmer,PI Walter,TJ Haines,0,0,,,,,,,,,
1227610,2020,2020-08-15,"County Ground, Hove",2,46.6,Essex,Sussex,SR Harmer,PI Walter,TJ Haines,0,0,,,,,,,,,
1227610,2020,2020-08-15,"County Ground, Hove",2,47.1,Essex,Sussex,PI Walter,SR Harmer,GHS Garton,0,0,,,,,,bowled,PI Walter,,
1227610,2020,2020-08-15,"County Ground, Hove",2,47.2,Essex,Sussex,AP Beard,SR Harmer,GHS Garton,0,0,,,,,,,,,
1227610,2020,2020-08-15,"County Ground, Hove",2,47.3,Essex,Sussex,AP Beard,SR Harmer,GHS Garton,0,0,,,,,,,,,
1227610,2020,2020-08-15,"County Ground, Hove",2,47.4,Essex,Sussex,AP Beard,SR Harmer,GHS Garton,0,0,,,,,,,,,
1227610,2020,2020-08-15,"County Ground, Hove",2,47.5,Essex,Sussex,AP Beard,SR Harmer,GHS Garton,0,0,,,,,,,,,
1227610,2020,2020-08-15,"County Ground, Hove",2,47.6,Essex,Sussex,AP Beard,SR Harmer,GHS Garton,0,0,,,,,,,,,
1227610,2020,2020-08-15,"County Ground, Hove",2,48.1,Essex,Sussex,SR Harmer,AP Beard,ME Claydon,0,0,,,,,,,,,
1227610,2020,2020-08-15,"County Ground, Hove",2,48.2,Essex,Sussex,SR Harmer,AP Beard,ME Claydon,0,0,,,,,,,,,
1227610,2020,2020-08-15,"County Ground, Hove",2,48.3,Essex,Sussex,SR Harmer,AP Beard,ME Claydon,2,0,,,,,,,,,
1227610,2020,2020-08-15,"County Ground, Hove",2,48.4,Essex,Sussex,SR Harmer,AP Beard,ME Claydon,0,0,,,,,,,,,
1227610,2020,2020-08-15,"County Ground, Hove",2,48.5,Essex,Sussex,SR Harmer,AP Beard,ME Claydon,0,0,,,,,,,,,
1227610,2020,2020-08-15,"County Ground, Hove",2,48.6,Essex,Sussex,SR Harmer,AP Beard,ME Claydon,0,0,,,,,,,,,
1227610,2020,2020-08-15,"County Ground, Hove",2,49.1,Essex,Sussex,AP Beard,SR Harmer,GHS Garton,0,0,,,,,,,,,
1227610,2020,2020-08-15,"County Ground, Hove",2,49.2,Essex,Sussex,AP Beard,SR Harmer,GHS Garton,0,0,,,,,,,,,
1227610,2020,2020-08-15,"County Ground, Hove",2,49.3,Essex,Sussex,AP Beard,SR Harmer,GHS Garton,0,0,,,,,,,,,
1227610,2020,2020-08-15,"County Ground, Hove",2,49.4,Essex,Sussex,AP Beard,SR Harmer,GHS Garton,0,0,,,,,,,,,
1227610,2020,2020-08-15,"County Ground, Hove",2,49.5,Essex,Sussex,AP Beard,SR Harmer,GHS Garton,0,0,,,,,,,,,
1227610,2020,2020-08-15,"County Ground, Hove",2,49.6,Essex,Sussex,AP Beard,SR Harmer,GHS Garton,0,0,,,,,,,,,
1227610,2020,2020-08-15,"County Ground, Hove",2,50.1,Essex,Sussex,SR Harmer,AP Beard,ME Claydon,0,0,,,,,,,,,
1227610,2020,2020-08-15,"County Ground, Hove",2,50.2,Essex,Sussex,SR Harmer,AP Beard,ME Claydon,0,0,,,,,,,,,
1227610,2020,2020-08-15,"County Ground, Hove",2,50.3,Essex,Sussex,SR Harmer,AP Beard,ME Claydon,0,0,,,,,,,,,
1227610,2020,2020-08-15,"County Ground, Hove",2,50.4,Essex,Sussex,SR Harmer,AP Beard,ME Claydon,0,0,,,,,,,,,
1227610,2020,2020-08-15,"County Ground, Hove",2,50.5,Essex,Sussex,SR Harmer,AP Beard,ME Claydon,0,0,,,,,,,,,
1227610,2020,2020-08-15,"County Ground, Hove",2,50.6,Essex,Sussex,SR Harmer,AP Beard,ME Claydon,0,0,,,,,,,,,
1227610,2020,2020-08-15,"County Ground, Hove",2,51.1,Essex,Sussex,AP Beard,SR Harmer,GHS Garton,0,0,,,,,,,,,
1227610,2020,2020-08-15,"County Ground, Hove",2,51.2,Essex,Sussex,AP Beard,SR Harmer,GHS Garton,0,0,,,,,,,,,
1227610,2020,2020-08-15,"County Ground, Hove",2,51.3,Essex,Sussex,AP Beard,SR Harmer,GHS Garton,0,0,,,,,,caught,AP Beard,,
1227610,2020,2020-08-15,"County Ground, Hove",2,51.4,Essex,Sussex,JA Porter,SR Harmer,GHS Garton,0,0,,,,,,,,,
1227610,2020,2020-08-15,"County Ground, Hove",2,51.5,Essex,Sussex,JA Porter,SR Harmer,GHS Garton,0,0,,,,,,,,,
1227610,2020,2020-08-15,"County Ground, Hove",2,51.6,Essex,Sussex,JA Porter,SR Harmer,GHS Garton,0,0,,,,,,,,,
1227610,2020,2020-08-15,"County Ground, Hove",2,52.1,Essex,Sussex,SR Harmer,JA Porter,ME Claydon,0,0,,,,,,,,,
1227610,2020,2020-08-15,"County Ground, Hove",2,52.2,Essex,Sussex,SR Harmer,JA Porter,ME Claydon,0,0,,,,,,,,,
1227610,2020,2020-08-15,"County Ground, Hove",2,52.3,Essex,Sussex,SR Harmer,JA Porter,ME Claydon,0,0,,,,,,,,,
1227610,2020,2020-08-15,"County Ground, Hove",2,52.4,Essex,Sussex,SR Harmer,JA Porter,ME Claydon,0,0,,,,,,lbw,SR Harmer,,
1227610,2020,2020-08-15,"County Ground, Hove",2,52.5,Essex,Sussex,MR Quinn,JA Porter,ME Claydon,0,1,,,,1,,,,,
1227610,2020,2020-08-15,"County Ground, Hove",2,52.6,Essex,Sussex,JA Porter,MR Quinn,ME Claydon,0,0,,,,,,,,,
1227610,2020,2020-08-15,"County Ground, Hove",2,53.1,Essex,Sussex,MR Quinn,JA Porter,GHS Garton,0,0,,,,,,,,,
1227610,2020,2020-08-15,"County Ground, Hove",2,53.2,Essex,Sussex,MR Quinn,JA Porter,GHS Garton,0,0,,,,,,,,,
1227610,2020,2020-08-15,"County Ground, Hove",2,53.3,Essex,Sussex,MR Quinn,JA Porter,GHS Garton,0,0,,,,,,,,,
1227610,2020,2020-08-15,"County Ground, Hove",2,53.4,Essex,Sussex,MR Quinn,JA Porter,GHS Garton,0,2,,2,,,,,,,
1227610,2020,2020-08-15,"County Ground, Hove",2,53.5,Essex,Sussex,MR Quinn,JA Porter,GHS Garton,0,0,,,,,,,,,
1227610,2020,2020-08-15,"County Ground, Hove",2,53.6,Essex,Sussex,MR Quinn,JA Porter,GHS Garton,0,0,,,,,,,,,
1227610,2020,2020-08-15,"County Ground, Hove",2,53.7,Essex,Sussex,MR Quinn,JA Porter,GHS Garton,1,0,,,,,,,,,
1227610,2020,2020-08-15,"County Ground, Hove",2,54.1,Essex,Sussex,MR Quinn,JA Porter,ME Claydon,0,0,,,,,,,,,
1227610,2020,2020-08-15,"County Ground, Hove",2,54.2,Essex,Sussex,MR Quinn,JA Porter,ME Claydon,2,0,,,,,,,,,
1227610,2020,2020-08-15,"County Ground, Hove",2,54.3,Essex,Sussex,MR Quinn,JA Porter,ME Claydon,0,0,,,,,,,,,
1227610,2020,2020-08-15,"County Ground, Hove",2,54.4,Essex,Sussex,MR Quinn,JA Porter,ME Claydon,2,0,,,,,,,,,
1227610,2020,2020-08-15,"County Ground, Hove",2,54.5,Essex,Sussex,MR Quinn,JA Porter,ME Claydon,2,0,,,,,,,,,
1227610,2020,2020-08-15,"County Ground, Hove",2,54.6,Essex,Sussex,MR Quinn,JA Porter,ME Claydon,4,0,,,,,,,,,
1227610,2020,2020-08-15,"County Ground, Hove",2,55.1,Essex,Sussex,JA Porter,MR Quinn,GHS Garton,1,0,,,,,,,,,
1227610,2020,2020-08-15,"County Ground, Hove",2,55.2,Essex,Sussex,MR Quinn,JA Porter,GHS Garton,0,0,,,,,,,,,
1227610,2020,2020-08-15,"County Ground, Hove",2,55.3,Essex,Sussex,MR Quinn,JA Porter,GHS Garton,2,2,,2,,,,,,,
1227610,2020,2020-08-15,"County Ground, Hove",2,55.4,Essex,Sussex,MR Quinn,JA Porter,GHS Garton,0,0,,,,,,bowled,MR Quinn,,
1227610,2020,2020-08-15,"County Ground, Hove",3,0.1,Sussex,Essex,PD Salt,TJ Haines,JA Porter,0,0,,,,,,,,,
1227610,2020,2020-08-15,"County Ground, Hove",3,0.2,Sussex,Essex,PD Salt,TJ Haines,JA Porter,0,0,,,,,,,,,
1227610,2020,2020-08-15,"County Ground, Hove",3,0.3,Sussex,Essex,PD Salt,TJ Haines,JA Porter,0,0,,,,,,,,,
1227610,2020,2020-08-15,"County Ground, Hove",3,0.4,Sussex,Essex,PD Salt,TJ Haines,JA Porter,0,0,,,,,,,,,
1227610,2020,2020-08-15,"County Ground, Hove",3,0.5,Sussex,Essex,PD Salt,TJ Haines,JA Porter,0,0,,,,,,,,,
1227610,2020,2020-08-15,"County Ground, Hove",3,0.6,Sussex,Essex,PD Salt,TJ Haines,JA Porter,0,0,,,,,,,,,
1227610,2020,2020-08-15,"County Ground, Hove",3,1.1,Sussex,Essex,TJ Haines,PD Salt,MR Quinn,0,0,,,,,,,,,
1227610,2020,2020-08-15,"County Ground, Hove",3,1.2,Sussex,Essex,TJ Haines,PD Salt,MR Quinn,0,0,,,,,,,,,
1227610,2020,2020-08-15,"County Ground, Hove",3,1.3,Sussex,Essex,TJ Haines,PD Salt,MR Quinn,0,0,,,,,,,,,
1227610,2020,2020-08-15,"County Ground, Hove",3,1.4,Sussex,Essex,TJ Haines,PD Salt,MR Quinn,2,0,,,,,,,,,
1227610,2020,2020-08-15,"County Ground, Hove",3,1.5,Sussex,Essex,TJ Haines,PD Salt,MR Quinn,0,0,,,,,,,,,
1227610,2020,2020-08-15,"County Ground, Hove",3,1.6,Sussex,Essex,TJ Haines,PD Salt,MR Quinn,0,0,,,,,,,,,
1227610,2020,2020-08-15,"County Ground, Hove",3,2.1,Sussex,Essex,PD Salt,TJ Haines,JA Porter,1,0,,,,,,,,,
1227610,2020,2020-08-15,"County Ground, Hove",3,2.2,Sussex,Essex,TJ Haines,PD Salt,JA Porter,0,0,,,,,,,,,
1227610,2020,2020-08-15,"County Ground, Hove",3,2.3,Sussex,Essex,TJ Haines,PD Salt,JA Porter,0,0,,,,,,,,,
1227610,2020,2020-08-15,"County Ground, Hove",3,2.4,Sussex,Essex,TJ Haines,PD Salt,JA Porter,4,0,,,,,,,,,
1227610,2020,2020-08-15,"County Ground, Hove",3,2.5,Sussex,Essex,TJ Haines,PD Salt,JA Porter,0,0,,,,,,,,,
1227610,2020,2020-08-15,"County Ground, Hove",3,2.6,Sussex,Essex,TJ Haines,PD Salt,JA Porter,0,0,,,,,,,,,
1227610,2020,2020-08-15,"County Ground, Hove",3,3.1,Sussex,Essex,PD Salt,TJ Haines,MR Quinn,0,0,,,,,,,,,
1227610,2020,2020-08-15,"County Ground, Hove",3,3.2,Sussex,Essex,PD Salt,TJ Haines,MR Quinn,0,0,,,,,,,,,
1227610,2020,2020-08-15,"County Ground, Hove",3,3.3,Sussex,Essex,PD Salt,TJ Haines,MR Quinn,0,0,,,,,,,,,
1227610,2020,2020-08-15,"County Ground, Hove",3,3.4,Sussex,Essex,PD Salt,TJ Haines,MR Quinn,0,0,,,,,,,,,
1227610,2020,2020-08-15,"County Ground, Hove",3,3.5,Sussex,Essex,PD Salt,TJ Haines,MR Quinn,0,0,,,,,,,,,
1227610,2020,2020-08-15,"County Ground, Hove",3,3.6,Sussex,Essex,PD Salt,TJ Haines,MR Quinn,0,0,,,,,,,,,
1227610,2020,2020-08-15,"County Ground, Hove",3,4.1,Sussex,Essex,TJ Haines,PD Salt,JA Porter,0,0,,,,,,caught,TJ Haines,,
1227610,2020,2020-08-15,"County Ground, Hove",3,4.2,Sussex,Essex,HZ Finch,PD Salt,JA Porter,0,0,,,,,,,,,
1227610,2020,2020-08-15,"County Ground, Hove",3,4.3,Sussex,Essex,HZ Finch,PD Salt,JA Porter,0,0,,,,,,,,,
1227610,2020,2020-08-15,"County Ground, Hove",3,4.4,Sussex,Essex,HZ Finch,PD Salt,JA Porter,0,0,,,,,,,,,
1227610,2020,2020-08-15,"County Ground, Hove",3,4.5,Sussex,Essex,HZ Finch,PD Salt,JA Porter,0,0,,,,,,,,,
1227610,2020,2020-08-15,"County Ground, Hove",3,4.6,Sussex,Essex,HZ Finch,PD Salt,JA Porter,4,0,,,,,,,,,
1227610,2020,2020-08-15,"County Ground, Hove",3,5.1,Sussex,Essex,PD Salt,HZ Finch,MR Quinn,0,0,,,,,,,,,
1227610,2020,2020-08-15,"County Ground, Hove",3,5.2,Sussex,Essex,PD Salt,HZ Finch,MR Quinn,0,0,,,,,,,,,
1227610,2020,2020-08-15,"County Ground, Hove",3,5.3,Sussex,Essex,PD Salt,HZ Finch,MR Quinn,0,0,,,,,,,,,
1227610,2020,2020-08-15,"County Ground, Hove",3,5.4,Sussex,Essex,PD Salt,HZ Finch,MR Quinn,0,0,,,,,,,,,
1227610,2020,2020-08-15,"County Ground, Hove",3,5.5,Sussex,Essex,PD Salt,HZ Finch,MR Quinn,0,0,,,,,,,,,
1227610,2020,2020-08-15,"County Ground, Hove",3,5.6,Sussex,Essex,PD Salt,HZ Finch,MR Quinn,0,0,,,,,,,,,
1227610,2020,2020-08-15,"County Ground, Hove",3,6.1,Sussex,Essex,HZ Finch,PD Salt,JA Porter,0,0,,,,,,,,,
1227610,2020,2020-08-15,"County Ground, Hove",3,6.2,Sussex,Essex,HZ Finch,PD Salt,JA Porter,0,0,,,,,,,,,
1227610,2020,2020-08-15,"County Ground, Hove",3,6.3,Sussex,Essex,HZ Finch,PD Salt,JA Porter,2,0,,,,,,,,,
1227610,2020,2020-08-15,"County Ground, Hove",3,6.4,Sussex,Essex,HZ Finch,PD Salt,JA Porter,3,0,,,,,,,,,
1227610,2020,2020-08-15,"County Ground, Hove",3,6.5,Sussex,Essex,PD Salt,HZ Finch,JA Porter,0,0,,,,,,,,,
1227610,2020,2020-08-15,"County Ground, Hove",3,6.6,Sussex,Essex,PD Salt,HZ Finch,JA Porter,0,0,,,,,,,,,
1227610,2020,2020-08-15,"County Ground, Hove",3,7.1,Sussex,Essex,HZ Finch,PD Salt,MR Quinn,0,0,,,,,,,,,
1227610,2020,2020-08-15,"County Ground, Hove",3,7.2,Sussex,Essex,HZ Finch,PD Salt,MR Quinn,4,0,,,,,,,,,
1227610,2020,2020-08-15,"County Ground, Hove",3,7.3,Sussex,Essex,HZ Finch,PD Salt,MR Quinn,0,0,,,,,,,,,
1227610,2020,2020-08-15,"County Ground, Hove",3,7.4,Sussex,Essex,HZ Finch,PD Salt,MR Quinn,1,0,,,,,,,,,
1227610,2020,2020-08-15,"County Ground, Hove",3,7.5,Sussex,Essex,PD Salt,HZ Finch,MR Quinn,0,0,,,,,,,,,
1227610,2020,2020-08-15,"County Ground, Hove",3,7.6,Sussex,Essex,PD Salt,HZ Finch,MR Quinn,0,0,,,,,,,,,
1227610,2020,2020-08-15,"County Ground, Hove",3,8.1,Sussex,Essex,HZ Finch,PD Salt,JA Porter,4,0,,,,,,,,,
1227610,2020,2020-08-15,"County Ground, Hove",3,8.2,Sussex,Essex,HZ Finch,PD Salt,JA Porter,0,0,,,,,,,,,
1227610,2020,2020-08-15,"County Ground, Hove",3,8.3,Sussex,Essex,HZ Finch,PD Salt,JA Porter,0,0,,,,,,,,,
1227610,2020,2020-08-15,"County Ground, Hove",3,8.4,Sussex,Essex,HZ Finch,PD Salt,JA Porter,0,0,,,,,,,,,
1227610,2020,2020-08-15,"County Ground, Hove",3,8.5,Sussex,Essex,HZ Finch,PD Salt,JA Porter,0,0,,,,,,,,,
1227610,2020,2020-08-15,"County Ground, Hove",3,8.6,Sussex,Essex,HZ Finch,PD Salt,JA Porter,0,0,,,,,,,,,
1227610,2020,2020-08-15,"County Ground, Hove",3,9.1,Sussex,Essex,PD Salt,HZ Finch,MR Quinn,2,0,,,,,,,,,
1227610,2020,2020-08-15,"County Ground, Hove",3,9.2,Sussex,Essex,PD Salt,HZ Finch,MR Quinn,0,0,,,,,,,,,
1227610,2020,2020-08-15,"County Ground, Hove",3,9.3,Sussex,Essex,PD Salt,HZ Finch,MR Quinn,0,0,,,,,,,,,
1227610,2020,2020-08-15,"County Ground, Hove",3,9.4,Sussex,Essex,PD Salt,HZ Finch,MR Quinn,0,0,,,,,,,,,
1227610,2020,2020-08-15,"County Ground, Hove",3,9.5,Sussex,Essex,PD Salt,HZ Finch,MR Quinn,1,0,,,,,,,,,
1227610,2020,2020-08-15,"County Ground, Hove",3,9.6,Sussex,Essex,HZ Finch,PD Salt,MR Quinn,0,0,,,,,,,,,
1227610,2020,2020-08-15,"County Ground, Hove",3,10.1,Sussex,Essex,PD Salt,HZ Finch,AP Beard,0,0,,,,,,,,,
1227610,2020,2020-08-15,"County Ground, Hove",3,10.2,Sussex,Essex,PD Salt,HZ Finch,AP Beard,0,0,,,,,,,,,
1227610,2020,2020-08-15,"County Ground, Hove",3,10.3,Sussex,Essex,PD Salt,HZ Finch,AP Beard,1,0,,,,,,,,,
1227610,2020,2020-08-15,"County Ground, Hove",3,10.4,Sussex,Essex,HZ Finch,PD Salt,AP Beard,0,0,,,,,,,,,
1227610,2020,2020-08-15,"County Ground, Hove",3,10.5,Sussex,Essex,HZ Finch,PD Salt,AP Beard,0,0,,,,,,,,,
1227610,2020,2020-08-15,"County Ground, Hove",3,10.6,Sussex,Essex,HZ Finch,PD Salt,AP Beard,2,0,,,,,,,,,
1227610,2020,2020-08-15,"County Ground, Hove",3,11.1,Sussex,Essex,PD Salt,HZ Finch,SR Harmer,1,0,,,,,,,,,
1227610,2020,2020-08-15,"County Ground, Hove",3,11.2,Sussex,Essex,HZ Finch,PD Salt,SR Harmer,0,0,,,,,,,,,
1227610,2020,2020-08-15,"County Ground, Hove",3,11.3,Sussex,Essex,HZ Finch,PD Salt,SR Harmer,0,0,,,,,,,,,
1227610,2020,2020-08-15,"County Ground, Hove",3,11.4,Sussex,Essex,HZ Finch,PD Salt,SR Harmer,0,0,,,,,,,,,
1227610,2020,2020-08-15,"County Ground, Hove",3,11.5,Sussex,Essex,HZ Finch,PD Salt,SR Harmer,0,0,,,,,,,,,
1227610,2020,2020-08-15,"County Ground, Hove",3,11.6,Sussex,Essex,HZ Finch,PD Salt,SR Harmer,0,0,,,,,,,,,
1227610,2020,2020-08-15,"County Ground, Hove",3,12.1,Sussex,Essex,PD Salt,HZ Finch,AP Beard,4,0,,,,,,,,,
1227610,2020,2020-08-15,"County Ground, Hove",3,12.2,Sussex,Essex,PD Salt,HZ Finch,AP Beard,1,0,,,,,,,,,
1227610,2020,2020-08-15,"County Ground, Hove",3,12.3,Sussex,Essex,HZ Finch,PD Salt,AP Beard,0,0,,,,,,,,,
1227610,2020,2020-08-15,"County Ground, Hove",3,12.4,Sussex,Essex,HZ Finch,PD Salt,AP Beard,0,0,,,,,,,,,
1227610,2020,2020-08-15,"County Ground, Hove",3,12.5,Sussex,Essex,HZ Finch,PD Salt,AP Beard,0,0,,,,,,,,,
1227610,2020,2020-08-15,"County Ground, Hove",3,12.6,Sussex,Essex,HZ Finch,PD Salt,AP Beard,0,0,,,,,,,,,
1227610,2020,2020-08-15,"County Ground, Hove",3,13.1,Sussex,Essex,PD Salt,HZ Finch,SR Harmer,1,0,,,,,,,,,
1227610,2020,2020-08-15,"County Ground, Hove",3,13.2,Sussex,Essex,HZ Finch,PD Salt,SR Harmer,0,0,,,,,,,,,
1227610,2020,2020-08-15,"County Ground, Hove",3,13.3,Sussex,Essex,HZ Finch,PD Salt,SR Harmer,0,0,,,,,,,,,
1227610,2020,2020-08-15,"County Ground, Hove",3,13.4,Sussex,Essex,HZ Finch,PD Salt,SR Harmer,0,0,,,,,,,,,
1227610,2020,2020-08-15,"County Ground, Hove",3,13.5,Sussex,Essex,HZ Finch,PD Salt,SR Harmer,1,0,,,,,,,,,
1227610,2020,2020-08-15,"County Ground, Hove",3,13.6,Sussex,Essex,PD Salt,HZ Finch,SR Harmer,1,0,,,,,,,,,
1227610,2020,2020-08-15,"County Ground, Hove",3,14.1,Sussex,Essex,PD Salt,HZ Finch,AP Beard,1,0,,,,,,,,,
1227610,2020,2020-08-15,"County Ground, Hove",3,14.2,Sussex,Essex,HZ Finch,PD Salt,AP Beard,0,0,,,,,,,,,
1227610,2020,2020-08-15,"County Ground, Hove",3,14.3,Sussex,Essex,HZ Finch,PD Salt,AP Beard,0,0,,,,,,,,,
1227610,2020,2020-08-15,"County Ground, Hove",3,14.4,Sussex,Essex,HZ Finch,PD Salt,AP Beard,0,0,,,,,,,,,
1227610,2020,2020-08-15,"County Ground, Hove",3,14.5,Sussex,Essex,HZ Finch,PD Salt,AP Beard,0,0,,,,,,,,,
1227610,2020,2020-08-15,"County Ground, Hove",3,14.6,Sussex,Essex,HZ Finch,PD Salt,AP Beard,1,0,,,,,,,,,
1227610,2020,2020-08-15,"County Ground, Hove",3,15.1,Sussex,Essex,HZ Finch,PD Salt,SR Harmer,4,0,,,,,,,,,
1227610,2020,2020-08-15,"County Ground, Hove",3,15.2,Sussex,Essex,HZ Finch,PD Salt,SR Harmer,0,0,,,,,,,,,
1227610,2020,2020-08-15,"County Ground, Hove",3,15.3,Sussex,Essex,HZ Finch,PD Salt,SR Harmer,0,0,,,,,,,,,
1227610,2020,2020-08-15,"County Ground, Hove",3,15.4,Sussex,Essex,HZ Finch,PD Salt,SR Harmer,0,0,,,,,,,,,
1227610,2020,2020-08-15,"County Ground, Hove",3,15.5,Sussex,Essex,HZ Finch,PD Salt,SR Harmer,0,0,,,,,,,,,
1227610,2020,2020-08-15,"County Ground, Hove",3,15.6,Sussex,Essex,HZ Finch,PD Salt,SR Harmer,0,0,,,,,,,,,
1227610,2020,2020-08-15,"County Ground, Hove",3,16.1,Sussex,Essex,PD Salt,HZ Finch,AP Beard,2,0,,,,,,,,,
1227610,2020,2020-08-15,"County Ground, Hove",3,16.2,Sussex,Essex,PD Salt,HZ Finch,AP Beard,0,0,,,,,,,,,
1227610,2020,2020-08-15,"County Ground, Hove",3,16.3,Sussex,Essex,PD Salt,HZ Finch,AP Beard,0,0,,,,,,,,,
1227610,2020,2020-08-15,"County Ground, Hove",3,16.4,Sussex,Essex,PD Salt,HZ Finch,AP Beard,1,0,,,,,,,,,
1227610,2020,2020-08-15,"County Ground, Hove",3,16.5,Sussex,Essex,HZ Finch,PD Salt,AP Beard,0,0,,,,,,,,,
1227610,2020,2020-08-15,"County Ground, Hove",3,16.6,Sussex,Essex,HZ Finch,PD Salt,AP Beard,0,0,,,,,,,,,
1227610,2020,2020-08-15,"County Ground, Hove",3,17.1,Sussex,Essex,PD Salt,HZ Finch,SR Harmer,0,0,,,,,,,,,
1227610,2020,2020-08-15,"County Ground, Hove",3,17.2,Sussex,Essex,PD Salt,HZ Finch,SR Harmer,1,0,,,,,,,,,
1227610,2020,2020-08-15,"County Ground, Hove",3,17.3,Sussex,Essex,HZ Finch,PD Salt,SR Harmer,0,0,,,,,,,,,
1227610,2020,2020-08-15,"County Ground, Hove",3,17.4,Sussex,Essex,HZ Finch,PD Salt,SR Harmer,0,0,,,,,,,,,
1227610,2020,2020-08-15,"County Ground, Hove",3,17.5,Sussex,Essex,HZ Finch,PD Salt,SR Harmer,1,0,,,,,,,,,
1227610,2020,2020-08-15,"County Ground, Hove",3,17.6,Sussex,Essex,PD Salt,HZ Finch,SR Harmer,0,0,,,,,,,,,
1227610,2020,2020-08-15,"County Ground, Hove",3,18.1,Sussex,Essex,HZ Finch,PD Salt,AP Beard,0,0,,,,,,,,,
1227610,2020,2020-08-15,"County Ground, Hove",3,18.2,Sussex,Essex,HZ Finch,PD Salt,AP Beard,0,0,,,,,,,,,
1227610,2020,2020-08-15,"County Ground, Hove",3,18.3,Sussex,Essex,HZ Finch,PD Salt,AP Beard,0,0,,,,,,,,,
1227610,2020,2020-08-15,"County Ground, Hove",3,18.4,Sussex,Essex,HZ Finch,PD Salt,AP Beard,4,0,,,,,,,,,
1227610,2020,2020-08-15,"County Ground, Hove",3,18.5,Sussex,Essex,HZ Finch,PD Salt,AP Beard,1,0,,,,,,,,,
1227610,2020,2020-08-15,"County Ground, Hove",3,18.6,Sussex,Essex,PD Salt,HZ Finch,AP Beard,0,0,,,,,,,,,
1227610,2020,2020-08-15,"County Ground, Hove",3,19.1,Sussex,Essex,HZ Finch,PD Salt,SR Harmer,0,0,,,,,,,,,
1227610,2020,2020-08-15,"County Ground, Hove",3,19.2,Sussex,Essex,HZ Finch,PD Salt,SR Harmer,0,0,,,,,,,,,
1227610,2020,2020-08-15,"County Ground, Hove",3,19.3,Sussex,Essex,HZ Finch,PD Salt,SR Harmer,0,0,,,,,,,,,
1227610,2020,2020-08-15,"County Ground, Hove",3,19.4,Sussex,Essex,HZ Finch,PD Salt,SR Harmer,0,0,,,,,,,,,
1227610,2020,2020-08-15,"County Ground, Hove",3,19.5,Sussex,Essex,HZ Finch,PD Salt,SR Harmer,0,0,,,,,,,,,
1227610,2020,2020-08-15,"County Ground, Hove",3,19.6,Sussex,Essex,HZ Finch,PD Salt,SR Harmer,0,0,,,,,,,,,
1227610,2020,2020-08-15,"County Ground, Hove",3,20.1,Sussex,Essex,PD Salt,HZ Finch,AP Beard,0,0,,,,,,,,,
1227610,2020,2020-08-15,"County Ground, Hove",3,20.2,Sussex,Essex,PD Salt,HZ Finch,AP Beard,0,0,,,,,,,,,
1227610,2020,2020-08-15,"County Ground, Hove",3,20.3,Sussex,Essex,PD Salt,HZ Finch,AP Beard,0,0,,,,,,,,,
1227610,2020,2020-08-15,"County Ground, Hove",3,20.4,Sussex,Essex,PD Salt,HZ Finch,AP Beard,0,0,,,,,,,,,
1227610,2020,2020-08-15,"County Ground, Hove",3,20.5,Sussex,Essex,PD Salt,HZ Finch,AP Beard,0,1,,,,1,,,,,
1227610,2020,2020-08-15,"County Ground, Hove",3,20.6,Sussex,Essex,HZ Finch,PD Salt,AP Beard,0,0,,,,,,caught,HZ Finch,,
1227610,2020,2020-08-15,"County Ground, Hove",3,21.1,Sussex,Essex,PD Salt,TGR Clark,MR Quinn,0,0,,,,,,,,,
1227610,2020,2020-08-15,"County Ground, Hove",3,21.2,Sussex,Essex,PD Salt,TGR Clark,MR Quinn,0,0,,,,,,,,,
1227610,2020,2020-08-15,"County Ground, Hove",3,21.3,Sussex,Essex,PD Salt,TGR Clark,MR Quinn,0,0,,,,,,,,,
1227610,2020,2020-08-15,"County Ground, Hove",3,21.4,Sussex,Essex,PD Salt,TGR Clark,MR Quinn,0,0,,,,,,,,,
1227610,2020,2020-08-15,"County Ground, Hove",3,21.5,Sussex,Essex,PD Salt,TGR Clark,MR Quinn,0,0,,,,,,,,,
1227610,2020,2020-08-15,"County Ground, Hove",3,21.6,Sussex,Essex,PD Salt,TGR Clark,MR Quinn,2,0,,,,,,,,,
1227610,2020,2020-08-15,"County Ground, Hove",3,22.1,Sussex,Essex,TGR Clark,PD Salt,JA Porter,0,0,,,,,,,,,
1227610,2020,2020-08-15,"County Ground, Hove",3,22.2,Sussex,Essex,TGR Clark,PD Salt,JA Porter,0,0,,,,,,,,,
1227610,2020,2020-08-15,"County Ground, Hove",3,22.3,Sussex,Essex,TGR Clark,PD Salt,JA Porter,0,0,,,,,,,,,
1227610,2020,2020-08-15,"County Ground, Hove",3,22.4,Sussex,Essex,TGR Clark,PD Salt,JA Porter,0,0,,,,,,,,,
1227610,2020,2020-08-15,"County Ground, Hove",3,22.5,Sussex,Essex,TGR Clark,PD Salt,JA Porter,0,0,,,,,,,,,
1227610,2020,2020-08-15,"County Ground, Hove",3,22.6,Sussex,Essex,TGR Clark,PD Salt,JA Porter,0,0,,,,,,,,,
1227610,2020,2020-08-15,"County Ground, Hove",3,23.1,Sussex,Essex,PD Salt,TGR Clark,MR Quinn,0,0,,,,,,,,,
1227610,2020,2020-08-15,"County Ground, Hove",3,23.2,Sussex,Essex,PD Salt,TGR Clark,MR Quinn,1,0,,,,,,,,,
1227610,2020,2020-08-15,"County Ground, Hove",3,23.3,Sussex,Essex,TGR Clark,PD Salt,MR Quinn,0,0,,,,,,,,,
1227610,2020,2020-08-15,"County Ground, Hove",3,23.4,Sussex,Essex,TGR Clark,PD Salt,MR Quinn,0,0,,,,,,,,,
1227610,2020,2020-08-15,"County Ground, Hove",3,23.5,Sussex,Essex,TGR Clark,PD Salt,MR Quinn,0,0,,,,,,,,,
1227610,2020,2020-08-15,"County Ground, Hove",3,23.6,Sussex,Essex,TGR Clark,PD Salt,MR Quinn,0,0,,,,,,,,,
1227610,2020,2020-08-15,"County Ground, Hove",3,24.1,Sussex,Essex,PD Salt,TGR Clark,JA Porter,0,0,,,,,,,,,
1227610,2020,2020-08-15,"County Ground, Hove",3,24.2,Sussex,Essex,PD Salt,TGR Clark,JA Porter,0,0,,,,,,,,,
1227610,2020,2020-08-15,"County Ground, Hove",3,24.3,Sussex,Essex,PD Salt,TGR Clark,JA Porter,0,0,,,,,,,,,
1227610,2020,2020-08-15,"County Ground, Hove",3,24.4,Sussex,Essex,PD Salt,TGR Clark,JA Porter,0,0,,,,,,,,,
1227610,2020,2020-08-15,"County Ground, Hove",3,24.5,Sussex,Essex,PD Salt,TGR Clark,JA Porter,1,0,,,,,,,,,
1227610,2020,2020-08-15,"County Ground, Hove",3,24.6,Sussex,Essex,TGR Clark,PD Salt,JA Porter,0,0,,,,,,,,,
1227610,2020,2020-08-15,"County Ground, Hove",3,25.1,Sussex,Essex,PD Salt,TGR Clark,MR Quinn,1,0,,,,,,,,,
1227610,2020,2020-08-15,"County Ground, Hove",3,25.2,Sussex,Essex,TGR Clark,PD Salt,MR Quinn,0,0,,,,,,,,,
1227610,2020,2020-08-15,"County Ground, Hove",3,25.3,Sussex,Essex,TGR Clark,PD Salt,MR Quinn,0,0,,,,,,,,,
1227610,2020,2020-08-15,"County Ground, Hove",3,25.4,Sussex,Essex,TGR Clark,PD Salt,MR Quinn,0,0,,,,,,,,,
1227610,2020,2020-08-15,"County Ground, Hove",3,25.5,Sussex,Essex,TGR Clark,PD Salt,MR Quinn,0,0,,,,,,,,,
1227610,2020,2020-08-15,"County Ground, Hove",3,25.6,Sussex,Essex,TGR Clark,PD Salt,MR Quinn,0,0,,,,,,,,,
1227610,2020,2020-08-15,"County Ground, Hove",3,26.1,Sussex,Essex,PD Salt,TGR Clark,JA Porter,0,0,,,,,,caught,PD Salt,,
1227610,2020,2020-08-15,"County Ground, Hove",3,26.2,Sussex,Essex,BC Brown,TGR Clark,JA Porter,0,0,,,,,,,,,
1227610,2020,2020-08-15,"County Ground, Hove",3,26.3,Sussex,Essex,BC Brown,TGR Clark,JA Porter,0,0,,,,,,,,,
1227610,2020,2020-08-15,"County Ground, Hove",3,26.4,Sussex,Essex,BC Brown,TGR Clark,JA Porter,0,0,,,,,,,,,
1227610,2020,2020-08-15,"County Ground, Hove",3,26.5,Sussex,Essex,BC Brown,TGR Clark,JA Porter,0,0,,,,,,,,,
1227610,2020,2020-08-15,"County Ground, Hove",3,26.6,Sussex,Essex,BC Brown,TGR Clark,JA Porter,0,0,,,,,,,,,
1227610,2020,2020-08-15,"County Ground, Hove",3,27.1,Sussex,Essex,TGR Clark,BC Brown,MR Quinn,0,0,,,,,,,,,
1227610,2020,2020-08-15,"County Ground, Hove",3,27.2,Sussex,Essex,TGR Clark,BC Brown,MR Quinn,0,0,,,,,,,,,
1227610,2020,2020-08-15,"County Ground, Hove",3,27.3,Sussex,Essex,TGR Clark,BC Brown,MR Quinn,4,0,,,,,,,,,
1227610,2020,2020-08-15,"County Ground, Hove",3,27.4,Sussex,Essex,TGR Clark,BC Brown,MR Quinn,0,0,,,,,,,,,
1227610,2020,2020-08-15,"County Ground, Hove",3,27.5,Sussex,Essex,TGR Clark,BC Brown,MR Quinn,0,0,,,,,,,,,
1227610,2020,2020-08-15,"County Ground, Hove",3,27.6,Sussex,Essex,TGR Clark,BC Brown,MR Quinn,2,0,,,,,,,,,
1227610,2020,2020-08-15,"County Ground, Hove",3,28.1,Sussex,Essex,BC Brown,TGR Clark,JA Porter,0,0,,,,,,,,,
1227610,2020,2020-08-15,"County Ground, Hove",3,28.2,Sussex,Essex,BC Brown,TGR Clark,JA Porter,0,0,,,,,,,,,
1227610,2020,2020-08-15,"County Ground, Hove",3,28.3,Sussex,Essex,BC Brown,TGR Clark,JA Porter,0,0,,,,,,,,,
1227610,2020,2020-08-15,"County Ground, Hove",3,28.4,Sussex,Essex,BC Brown,TGR Clark,JA Porter,0,0,,,,,,,,,
1227610,2020,2020-08-15,"County Ground, Hove",3,28.5,Sussex,Essex,BC Brown,TGR Clark,JA Porter,0,0,,,,,,,,,
1227610,2020,2020-08-15,"County Ground, Hove",3,28.6,Sussex,Essex,BC Brown,TGR Clark,JA Porter,0,0,,,,,,,,,
1227610,2020,2020-08-15,"County Ground, Hove",3,29.1,Sussex,Essex,TGR Clark,BC Brown,SR Harmer,0,0,,,,,,,,,
1227610,2020,2020-08-15,"County Ground, Hove",3,29.2,Sussex,Essex,TGR Clark,BC Brown,SR Harmer,0,0,,,,,,,,,
1227610,2020,2020-08-15,"County Ground, Hove",3,29.3,Sussex,Essex,TGR Clark,BC Brown,SR Harmer,0,0,,,,,,,,,
1227610,2020,2020-08-15,"County Ground, Hove",3,29.4,Sussex,Essex,TGR Clark,BC Brown,SR Harmer,0,0,,,,,,,,,
1227610,2020,2020-08-15,"County Ground, Hove",3,29.5,Sussex,Essex,TGR Clark,BC Brown,SR Harmer,0,0,,,,,,,,,
1227610,2020,2020-08-15,"County Ground, Hove",3,29.6,Sussex,Essex,TGR Clark,BC Brown,SR Harmer,0,0,,,,,,,,,
1227610,2020,2020-08-15,"County Ground, Hove",3,30.1,Sussex,Essex,BC Brown,TGR Clark,JA Porter,0,0,,,,,,,,,
1227610,2020,2020-08-15,"County Ground, Hove",3,30.2,Sussex,Essex,BC Brown,TGR Clark,JA Porter,0,0,,,,,,,,,
1227610,2020,2020-08-15,"County Ground, Hove",3,30.3,Sussex,Essex,BC Brown,TGR Clark,JA Porter,0,0,,,,,,,,,
1227610,2020,2020-08-15,"County Ground, Hove",3,30.4,Sussex,Essex,BC Brown,TGR Clark,JA Porter,0,0,,,,,,,,,
1227610,2020,2020-08-15,"County Ground, Hove",3,30.5,Sussex,Essex,BC Brown,TGR Clark,JA Porter,0,0,,,,,,,,,
1227610,2020,2020-08-15,"County Ground, Hove",3,30.6,Sussex,Essex,BC Brown,TGR Clark,JA Porter,0,0,,,,,,,,,
1227610,2020,2020-08-15,"County Ground, Hove",3,31.1,Sussex,Essex,TGR Clark,BC Brown,SR Harmer,4,0,,,,,,,,,
1227610,2020,2020-08-15,"County Ground, Hove",3,31.2,Sussex,Essex,TGR Clark,BC Brown,SR Harmer,0,0,,,,,,,,,
1227610,2020,2020-08-15,"County Ground, Hove",3,31.3,Sussex,Essex,TGR Clark,BC Brown,SR Harmer,0,0,,,,,,lbw,TGR Clark,,
1227610,2020,2020-08-15,"County Ground, Hove",3,31.4,Sussex,Essex,AD Thomason,BC Brown,SR Harmer,0,0,,,,,,,,,
1227610,2020,2020-08-15,"County Ground, Hove",3,31.5,Sussex,Essex,AD Thomason,BC Brown,SR Harmer,0,0,,,,,,,,,
1227610,2020,2020-08-15,"County Ground, Hove",3,31.6,Sussex,Essex,AD Thomason,BC Brown,SR Harmer,0,0,,,,,,,,,
1227610,2020,2020-08-15,"County Ground, Hove",3,32.1,Sussex,Essex,BC Brown,AD Thomason,JA Porter,0,0,,,,,,,,,
1227610,2020,2020-08-15,"County Ground, Hove",3,32.2,Sussex,Essex,BC Brown,AD Thomason,JA Porter,0,0,,,,,,,,,
1227610,2020,2020-08-15,"County Ground, Hove",3,32.3,Sussex,Essex,BC Brown,AD Thomason,JA Porter,0,0,,,,,,,,,
1227610,2020,2020-08-15,"County Ground, Hove",3,32.4,Sussex,Essex,BC Brown,AD Thomason,JA Porter,0,0,,,,,,,,,
1227610,2020,2020-08-15,"County Ground, Hove",3,32.5,Sussex,Essex,BC Brown,AD Thomason,JA Porter,0,0,,,,,,,,,
1227610,2020,2020-08-15,"County Ground, Hove",3,32.6,Sussex,Essex,BC Brown,AD Thomason,JA Porter,0,0,,,,,,,,,
1227610,2020,2020-08-15,"County Ground, Hove",3,33.1,Sussex,Essex,AD Thomason,BC Brown,SR Harmer,0,0,,,,,,,,,
1227610,2020,2020-08-15,"County Ground, Hove",3,33.2,Sussex,Essex,AD Thomason,BC Brown,SR Harmer,0,0,,,,,,,,,
1227610,2020,2020-08-15,"County Ground, Hove",3,33.3,Sussex,Essex,AD Thomason,BC Brown,SR Harmer,0,0,,,,,,,,,
1227610,2020,2020-08-15,"County Ground, Hove",3,33.4,Sussex,Essex,AD Thomason,BC Brown,SR Harmer,0,0,,,,,,,,,
1227610,2020,2020-08-15,"County Ground, Hove",3,33.5,Sussex,Essex,AD Thomason,BC Brown,SR Harmer,0,0,,,,,,,,,
1227610,2020,2020-08-15,"County Ground, Hove",3,33.6,Sussex,Essex,AD Thomason,BC Brown,SR Harmer,0,0,,,,,,,,,
1227610,2020,2020-08-15,"County Ground, Hove",3,34.1,Sussex,Essex,BC Brown,AD Thomason,AP Beard,0,0,,,,,,,,,
1227610,2020,2020-08-15,"County Ground, Hove",3,34.2,Sussex,Essex,BC Brown,AD Thomason,AP Beard,0,0,,,,,,,,,
1227610,2020,2020-08-15,"County Ground, Hove",3,34.3,Sussex,Essex,BC Brown,AD Thomason,AP Beard,4,0,,,,,,,,,
1227610,2020,2020-08-15,"County Ground, Hove",3,34.4,Sussex,Essex,BC Brown,AD Thomason,AP Beard,0,0,,,,,,,,,
1227610,2020,2020-08-15,"County Ground, Hove",3,34.5,Sussex,Essex,BC Brown,AD Thomason,AP Beard,0,0,,,,,,,,,
1227610,2020,2020-08-15,"County Ground, Hove",3,34.6,Sussex,Essex,BC Brown,AD Thomason,AP Beard,0,0,,,,,,,,,
1227610,2020,2020-08-15,"County Ground, Hove",3,35.1,Sussex,Essex,AD Thomason,BC Brown,SR Harmer,1,0,,,,,,,,,
1227610,2020,2020-08-15,"County Ground, Hove",3,35.2,Sussex,Essex,BC Brown,AD Thomason,SR Harmer,0,0,,,,,,,,,
1227610,2020,2020-08-15,"County Ground, Hove",3,35.3,Sussex,Essex,BC Brown,AD Thomason,SR Harmer,0,0,,,,,,,,,
1227610,2020,2020-08-15,"County Ground, Hove",3,35.4,Sussex,Essex,BC Brown,AD Thomason,SR Harmer,0,0,,,,,,,,,
1227610,2020,2020-08-15,"County Ground, Hove",3,35.5,Sussex,Essex,BC Brown,AD Thomason,SR Harmer,0,0,,,,,,,,,
1227610,2020,2020-08-15,"County Ground, Hove",3,35.6,Sussex,Essex,BC Brown,AD Thomason,SR Harmer,0,0,,,,,,,,,
1227610,2020,2020-08-15,"County Ground, Hove",3,36.1,Sussex,Essex,AD Thomason,BC Brown,AP Beard,0,0,,,,,,,,,
1227610,2020,2020-08-15,"County Ground, Hove",3,36.2,Sussex,Essex,AD Thomason,BC Brown,AP Beard,0,0,,,,,,,,,
1227610,2020,2020-08-15,"County Ground, Hove",3,36.3,Sussex,Essex,AD Thomason,BC Brown,AP Beard,0,0,,,,,,,,,
1227610,2020,2020-08-15,"County Ground, Hove",3,36.4,Sussex,Essex,AD Thomason,BC Brown,AP Beard,1,0,,,,,,,,,
1227610,2020,2020-08-15,"County Ground, Hove",3,36.5,Sussex,Essex,BC Brown,AD Thomason,AP Beard,1,0,,,,,,,,,
1227610,2020,2020-08-15,"County Ground, Hove",3,36.6,Sussex,Essex,AD Thomason,BC Brown,AP Beard,0,0,,,,,,,,,
1227610,2020,2020-08-15,"County Ground, Hove",3,37.1,Sussex,Essex,BC Brown,AD Thomason,SR Harmer,0,0,,,,,,stumped,BC Brown,,
1227610,2020,2020-08-15,"County Ground, Hove",3,37.2,Sussex,Essex,DMW Rawlins,AD Thomason,SR Harmer,0,0,,,,,,,,,
1227610,2020,2020-08-15,"County Ground, Hove",3,37.3,Sussex,Essex,DMW Rawlins,AD Thomason,SR Harmer,0,0,,,,,,,,,
1227610,2020,2020-08-15,"County Ground, Hove",3,37.4,Sussex,Essex,DMW Rawlins,AD Thomason,SR Harmer,0,0,,,,,,,,,
1227610,2020,2020-08-15,"County Ground, Hove",3,37.5,Sussex,Essex,DMW Rawlins,AD Thomason,SR Harmer,0,0,,,,,,,,,
1227610,2020,2020-08-15,"County Ground, Hove",3,37.6,Sussex,Essex,DMW Rawlins,AD Thomason,SR Harmer,0,0,,,,,,,,,
1227610,2020,2020-08-15,"County Ground, Hove",3,38.1,Sussex,Essex,AD Thomason,DMW Rawlins,AP Beard,0,0,,,,,,,,,
1227610,2020,2020-08-15,"County Ground, Hove",3,38.2,Sussex,Essex,AD Thomason,DMW Rawlins,AP Beard,0,0,,,,,,,,,
1227610,2020,2020-08-15,"County Ground, Hove",3,38.3,Sussex,Essex,AD Thomason,DMW Rawlins,AP Beard,0,0,,,,,,,,,
1227610,2020,2020-08-15,"County Ground, Hove",3,38.4,Sussex,Essex,AD Thomason,DMW Rawlins,AP Beard,0,0,,,,,,,,,
1227610,2020,2020-08-15,"County Ground, Hove",3,38.5,Sussex,Essex,AD Thomason,DMW Rawlins,AP Beard,0,0,,,,,,,,,
1227610,2020,2020-08-15,"County Ground, Hove",3,38.6,Sussex,Essex,AD Thomason,DMW Rawlins,AP Beard,0,0,,,,,,,,,
1227610,2020,2020-08-15,"County Ground, Hove",3,39.1,Sussex,Essex,DMW Rawlins,AD Thomason,SR Harmer,0,0,,,,,,,,,
1227610,2020,2020-08-15,"County Ground, Hove",3,39.2,Sussex,Essex,DMW Rawlins,AD Thomason,SR Harmer,0,0,,,,,,,,,
1227610,2020,2020-08-15,"County Ground, Hove",3,39.3,Sussex,Essex,DMW Rawlins,AD Thomason,SR Harmer,0,0,,,,,,,,,
1227610,2020,2020-08-15,"County Ground, Hove",3,39.4,Sussex,Essex,DMW Rawlins,AD Thomason,SR Harmer,4,0,,,,,,,,,
1227610,2020,2020-08-15,"County Ground, Hove",3,39.5,Sussex,Essex,DMW Rawlins,AD Thomason,SR Harmer,0,0,,,,,,,,,
1227610,2020,2020-08-15,"County Ground, Hove",3,39.6,Sussex,Essex,DMW Rawlins,AD Thomason,SR Harmer,0,0,,,,,,,,,
1227610,2020,2020-08-15,"County Ground, Hove",3,40.1,Sussex,Essex,AD Thomason,DMW Rawlins,AP Beard,0,0,,,,,,,,,
1227610,2020,2020-08-15,"County Ground, Hove",3,40.2,Sussex,Essex,AD Thomason,DMW Rawlins,AP Beard,0,0,,,,,,,,,
1227610,2020,2020-08-15,"County Ground, Hove",3,40.3,Sussex,Essex,AD Thomason,DMW Rawlins,AP Beard,4,0,,,,,,,,,
1227610,2020,2020-08-15,"County Ground, Hove",3,40.4,Sussex,Essex,AD Thomason,DMW Rawlins,AP Beard,0,0,,,,,,,,,
1227610,2020,2020-08-15,"County Ground, Hove",3,40.5,Sussex,Essex,AD Thomason,DMW Rawlins,AP Beard,0,0,,,,,,,,,
1227610,2020,2020-08-15,"County Ground, Hove",3,40.6,Sussex,Essex,AD Thomason,DMW Rawlins,AP Beard,0,0,,,,,,,,,
1227610,2020,2020-08-15,"County Ground, Hove",3,41.1,Sussex,Essex,DMW Rawlins,AD Thomason,SR Harmer,0,0,,,,,,,,,
1227610,2020,2020-08-15,"County Ground, Hove",3,41.2,Sussex,Essex,DMW Rawlins,AD Thomason,SR Harmer,4,0,,,,,,,,,
1227610,2020,2020-08-15,"County Ground, Hove",3,41.3,Sussex,Essex,DMW Rawlins,AD Thomason,SR Harmer,0,0,,,,,,,,,
1227610,2020,2020-08-15,"County Ground, Hove",3,41.4,Sussex,Essex,DMW Rawlins,AD Thomason,SR Harmer,0,0,,,,,,,,,
1227610,2020,2020-08-15,"County Ground, Hove",3,41.5,Sussex,Essex,DMW Rawlins,AD Thomason,SR Harmer,0,0,,,,,,,,,
1227610,2020,2020-08-15,"County Ground, Hove",3,41.6,Sussex,Essex,DMW Rawlins,AD Thomason,SR Harmer,4,0,,,,,,,,,
1227610,2020,2020-08-15,"County Ground, Hove",3,42.1,Sussex,Essex,AD Thomason,DMW Rawlins,AP Beard,0,0,,,,,,,,,
1227610,2020,2020-08-15,"County Ground, Hove",3,42.2,Sussex,Essex,AD Thomason,DMW Rawlins,AP Beard,0,0,,,,,,,,,
1227610,2020,2020-08-15,"County Ground, Hove",3,42.3,Sussex,Essex,AD Thomason,DMW Rawlins,AP Beard,1,0,,,,,,,,,
1227610,2020,2020-08-15,"County Ground, Hove",3,42.4,Sussex,Essex,DMW Rawlins,AD Thomason,AP Beard,0,0,,,,,,,,,
1227610,2020,2020-08-15,"County Ground, Hove",3,42.5,Sussex,Essex,DMW Rawlins,AD Thomason,AP Beard,4,0,,,,,,,,,
1227610,2020,2020-08-15,"County Ground, Hove",3,42.6,Sussex,Essex,DMW Rawlins,AD Thomason,AP Beard,0,0,,,,,,,,,
1227610,2020,2020-08-15,"County Ground, Hove",3,43.1,Sussex,Essex,AD Thomason,DMW Rawlins,SR Harmer,0,0,,,,,,,,,
1227610,2020,2020-08-15,"County Ground, Hove",3,43.2,Sussex,Essex,AD Thomason,DMW Rawlins,SR Harmer,0,0,,,,,,,,,
1227610,2020,2020-08-15,"County Ground, Hove",3,43.3,Sussex,Essex,AD Thomason,DMW Rawlins,SR Harmer,2,0,,,,,,,,,
1227610,2020,2020-08-15,"County Ground, Hove",3,43.4,Sussex,Essex,AD Thomason,DMW Rawlins,SR Harmer,0,0,,,,,,,,,
1227610,2020,2020-08-15,"County Ground, Hove",3,43.5,Sussex,Essex,AD Thomason,DMW Rawlins,SR Harmer,0,0,,,,,,,,,
1227610,2020,2020-08-15,"County Ground, Hove",3,43.6,Sussex,Essex,AD Thomason,DMW Rawlins,SR Harmer,0,0,,,,,,,,,
1227610,2020,2020-08-15,"County Ground, Hove",3,44.1,Sussex,Essex,DMW Rawlins,AD Thomason,AP Beard,1,0,,,,,,,,,
1227610,2020,2020-08-15,"County Ground, Hove",3,44.2,Sussex,Essex,AD Thomason,DMW Rawlins,AP Beard,0,0,,,,,,,,,
1227610,2020,2020-08-15,"County Ground, Hove",3,44.3,Sussex,Essex,AD Thomason,DMW Rawlins,AP Beard,0,0,,,,,,,,,
1227610,2020,2020-08-15,"County Ground, Hove",3,44.4,Sussex,Essex,AD Thomason,DMW Rawlins,AP Beard,0,0,,,,,,,,,
1227610,2020,2020-08-15,"County Ground, Hove",3,44.5,Sussex,Essex,AD Thomason,DMW Rawlins,AP Beard,1,0,,,,,,,,,
1227610,2020,2020-08-15,"County Ground, Hove",3,44.6,Sussex,Essex,DMW Rawlins,AD Thomason,AP Beard,0,0,,,,,,,,,
1227610,2020,2020-08-15,"County Ground, Hove",3,45.1,Sussex,Essex,AD Thomason,DMW Rawlins,SR Harmer,0,0,,,,,,,,,
1227610,2020,2020-08-15,"County Ground, Hove",3,45.2,Sussex,Essex,AD Thomason,DMW Rawlins,SR Harmer,0,0,,,,,,,,,
1227610,2020,2020-08-15,"County Ground, Hove",3,45.3,Sussex,Essex,AD Thomason,DMW Rawlins,SR Harmer,0,0,,,,,,,,,
1227610,2020,2020-08-15,"County Ground, Hove",3,45.4,Sussex,Essex,AD Thomason,DMW Rawlins,SR Harmer,0,0,,,,,,,,,
1227610,2020,2020-08-15,"County Ground, Hove",3,45.5,Sussex,Essex,AD Thomason,DMW Rawlins,SR Harmer,1,0,,,,,,,,,
1227610,2020,2020-08-15,"County Ground, Hove",3,45.6,Sussex,Essex,DMW Rawlins,AD Thomason,SR Harmer,0,0,,,,,,,,,
1227610,2020,2020-08-15,"County Ground, Hove",3,46.1,Sussex,Essex,AD Thomason,DMW Rawlins,MR Quinn,0,0,,,,,,,,,
1227610,2020,2020-08-15,"County Ground, Hove",3,46.2,Sussex,Essex,AD Thomason,DMW Rawlins,MR Quinn,0,0,,,,,,,,,
1227610,2020,2020-08-15,"County Ground, Hove",3,46.3,Sussex,Essex,AD Thomason,DMW Rawlins,MR Quinn,0,0,,,,,,,,,
1227610,2020,2020-08-15,"County Ground, Hove",3,46.4,Sussex,Essex,AD Thomason,DMW Rawlins,MR Quinn,0,0,,,,,,,,,
1227610,2020,2020-08-15,"County Ground, Hove",3,46.5,Sussex,Essex,AD Thomason,DMW Rawlins,MR Quinn,1,0,,,,,,,,,
1227610,2020,2020-08-15,"County Ground, Hove",3,46.6,Sussex,Essex,DMW Rawlins,AD Thomason,MR Quinn,0,0,,,,,,,,,
1227610,2020,2020-08-15,"County Ground, Hove",3,47.1,Sussex,Essex,AD Thomason,DMW Rawlins,SR Harmer,0,0,,,,,,,,,
1227610,2020,2020-08-15,"County Ground, Hove",3,47.2,Sussex,Essex,AD Thomason,DMW Rawlins,SR Harmer,1,0,,,,,,,,,
1227610,2020,2020-08-15,"County Ground, Hove",3,47.3,Sussex,Essex,DMW Rawlins,AD Thomason,SR Harmer,6,0,,,,,,,,,
1227610,2020,2020-08-15,"County Ground, Hove",3,47.4,Sussex,Essex,DMW Rawlins,AD Thomason,SR Harmer,6,0,,,,,,,,,
1227610,2020,2020-08-15,"County Ground, Hove",3,47.5,Sussex,Essex,DMW Rawlins,AD Thomason,SR Harmer,0,0,,,,,,,,,
1227610,2020,2020-08-15,"County Ground, Hove",3,47.6,Sussex,Essex,DMW Rawlins,AD Thomason,SR Harmer,0,0,,,,,,,,,
1227610,2020,2020-08-15,"County Ground, Hove",3,48.1,Sussex,Essex,AD Thomason,DMW Rawlins,MR Quinn,0,0,,,,,,caught,AD Thomason,,
1227610,2020,2020-08-15,"County Ground, Hove",3,48.2,Sussex,Essex,GHS Garton,DMW Rawlins,MR Quinn,0,0,,,,,,,,,
1227610,2020,2020-08-15,"County Ground, Hove",3,48.3,Sussex,Essex,GHS Garton,DMW Rawlins,MR Quinn,0,0,,,,,,,,,
1227610,2020,2020-08-15,"County Ground, Hove",3,48.4,Sussex,Essex,GHS Garton,DMW Rawlins,MR Quinn,1,0,,,,,,,,,
1227610,2020,2020-08-15,"County Ground, Hove",3,48.5,Sussex,Essex,DMW Rawlins,GHS Garton,MR Quinn,0,0,,,,,,,,,
1227610,2020,2020-08-15,"County Ground, Hove",3,48.6,Sussex,Essex,DMW Rawlins,GHS Garton,MR Quinn,0,0,,,,,,,,,
1227610,2020,2020-08-15,"County Ground, Hove",3,49.1,Sussex,Essex,GHS Garton,DMW Rawlins,SR Harmer,0,0,,,,,,,,,
1227610,2020,2020-08-15,"County Ground, Hove",3,49.2,Sussex,Essex,GHS Garton,DMW Rawlins,SR Harmer,0,0,,,,,,,,,
1227610,2020,2020-08-15,"County Ground, Hove",3,49.3,Sussex,Essex,GHS Garton,DMW Rawlins,SR Harmer,0,0,,,,,,,,,
1227610,2020,2020-08-15,"County Ground, Hove",3,49.4,Sussex,Essex,GHS Garton,DMW Rawlins,SR Harmer,0,0,,,,,,,,,
1227610,2020,2020-08-15,"County Ground, Hove",3,49.5,Sussex,Essex,GHS Garton,DMW Rawlins,SR Harmer,0,0,,,,,,lbw,GHS Garton,,
1227610,2020,2020-08-15,"County Ground, Hove",3,49.6,Sussex,Essex,SC Meaker,DMW Rawlins,SR Harmer,0,0,,,,,,,,,
1227610,2020,2020-08-15,"County Ground, Hove",3,50.1,Sussex,Essex,DMW Rawlins,SC Meaker,JA Porter,1,0,,,,,,,,,
1227610,2020,2020-08-15,"County Ground, Hove",3,50.2,Sussex,Essex,SC Meaker,DMW Rawlins,JA Porter,0,0,,,,,,,,,
1227610,2020,2020-08-15,"County Ground, Hove",3,50.3,Sussex,Essex,SC Meaker,DMW Rawlins,JA Porter,0,0,,,,,,,,,
1227610,2020,2020-08-15,"County Ground, Hove",3,50.4,Sussex,Essex,SC Meaker,DMW Rawlins,JA Porter,1,0,,,,,,,,,
1227610,2020,2020-08-15,"County Ground, Hove",3,50.5,Sussex,Essex,DMW Rawlins,SC Meaker,JA Porter,0,0,,,,,,,,,
1227610,2020,2020-08-15,"County Ground, Hove",3,50.6,Sussex,Essex,DMW Rawlins,SC Meaker,JA Porter,0,0,,,,,,,,,
1227610,2020,2020-08-15,"County Ground, Hove",3,51.1,Sussex,Essex,SC Meaker,DMW Rawlins,SR Harmer,1,0,,,,,,,,,
1227610,2020,2020-08-15,"County Ground, Hove",3,51.2,Sussex,Essex,DMW Rawlins,SC Meaker,SR Harmer,1,0,,,,,,,,,
1227610,2020,2020-08-15,"County Ground, Hove",3,51.3,Sussex,Essex,SC Meaker,DMW Rawlins,SR Harmer,0,0,,,,,,,,,
1227610,2020,2020-08-15,"County Ground, Hove",3,51.4,Sussex,Essex,SC Meaker,DMW Rawlins,SR Harmer,4,0,,,,,,,,,
1227610,2020,2020-08-15,"County Ground, Hove",3,51.5,Sussex,Essex,SC Meaker,DMW Rawlins,SR Harmer,0,0,,,,,,bowled,SC Meaker,,
1227610,2020,2020-08-15,"County Ground, Hove",3,51.6,Sussex,Essex,HT Crocombe,DMW Rawlins,SR Harmer,0,0,,,,,,,,,
1227610,2020,2020-08-15,"County Ground, Hove",3,52.1,Sussex,Essex,DMW Rawlins,HT Crocombe,JA Porter,4,0,,,,,,,,,
1227610,2020,2020-08-15,"County Ground, Hove",3,52.2,Sussex,Essex,DMW Rawlins,HT Crocombe,JA Porter,0,0,,,,,,,,,
1227610,2020,2020-08-15,"County Ground, Hove",3,52.3,Sussex,Essex,DMW Rawlins,HT Crocombe,JA Porter,0,0,,,,,,,,,
1227610,2020,2020-08-15,"County Ground, Hove",3,52.4,Sussex,Essex,DMW Rawlins,HT Crocombe,JA Porter,0,0,,,,,,,,,
1227610,2020,2020-08-15,"County Ground, Hove",3,52.5,Sussex,Essex,DMW Rawlins,HT Crocombe,JA Porter,1,0,,,,,,,,,
1227610,2020,2020-08-15,"County Ground, Hove",3,52.6,Sussex,Essex,HT Crocombe,DMW Rawlins,JA Porter,0,0,,,,,,,,,
1227610,2020,2020-08-15,"County Ground, Hove",3,53.1,Sussex,Essex,DMW Rawlins,HT Crocombe,SR Harmer,0,0,,,,,,,,,
1227610,2020,2020-08-15,"County Ground, Hove",3,53.2,Sussex,Essex,DMW Rawlins,HT Crocombe,SR Harmer,4,0,,,,,,,,,
1227610,2020,2020-08-15,"County Ground, Hove",3,53.3,Sussex,Essex,DMW Rawlins,HT Crocombe,SR Harmer,0,0,,,,,,lbw,DMW Rawlins,,
1227610,2020,2020-08-15,"County Ground, Hove",3,53.4,Sussex,Essex,ME Claydon,HT Crocombe,SR Harmer,0,0,,,,,,,,,
1227610,2020,2020-08-15,"County Ground, Hove",3,53.5,Sussex,Essex,ME Claydon,HT Crocombe,SR Harmer,0,0,,,,,,,,,
1227610,2020,2020-08-15,"County Ground, Hove",3,53.6,Sussex,Essex,ME Claydon,HT Crocombe,SR Harmer,1,0,,,,,,,,,
1227610,2020,2020-08-15,"County Ground, Hove",3,54.1,Sussex,Essex,ME Claydon,HT Crocombe,JA Porter,1,0,,,,,,,,,
1227610,2020,2020-08-15,"County Ground, Hove",3,54.2,Sussex,Essex,HT Crocombe,ME Claydon,JA Porter,0,0,,,,,,,,,
1227610,2020,2020-08-15,"County Ground, Hove",3,54.3,Sussex,Essex,HT Crocombe,ME Claydon,JA Porter,0,0,,,,,,,,,
1227610,2020,2020-08-15,"County Ground, Hove",3,54.4,Sussex,Essex,HT Crocombe,ME Claydon,JA Porter,0,0,,,,,,,,,
1227610,2020,2020-08-15,"County Ground, Hove",3,54.5,Sussex,Essex,HT Crocombe,ME Claydon,JA Porter,0,0,,,,,,,,,
1227610,2020,2020-08-15,"County Ground, Hove",3,54.6,Sussex,Essex,HT Crocombe,ME Claydon,JA Porter,1,0,,,,,,,,,
1227610,2020,2020-08-15,"County Ground, Hove",3,55.1,Sussex,Essex,HT Crocombe,ME Claydon,SR Harmer,0,0,,,,,,,,,
1227610,2020,2020-08-15,"County Ground, Hove",3,55.2,Sussex,Essex,HT Crocombe,ME Claydon,SR Harmer,0,0,,,,,,,,,
1227610,2020,2020-08-15,"County Ground, Hove",3,55.3,Sussex,Essex,HT Crocombe,ME Claydon,SR Harmer,0,0,,,,,,,,,
1227610,2020,2020-08-15,"County Ground, Hove",3,55.4,Sussex,Essex,HT Crocombe,ME Claydon,SR Harmer,0,0,,,,,,,,,
1227610,2020,2020-08-15,"County Ground, Hove",3,55.5,Sussex,Essex,HT Crocombe,ME Claydon,SR Harmer,0,0,,,,,,,,,
1227610,2020,2020-08-15,"County Ground, Hove",3,55.6,Sussex,Essex,HT Crocombe,ME Claydon,SR Harmer,0,0,,,,,,,,,
1227610,2020,2020-08-15,"County Ground, Hove",3,56.1,Sussex,Essex,ME Claydon,HT Crocombe,JA Porter,0,1,,,,1,,,,,
1227610,2020,2020-08-15,"County Ground, Hove",3,56.2,Sussex,Essex,HT Crocombe,ME Claydon,JA Porter,0,0,,,,,,,,,
1227610,2020,2020-08-15,"County Ground, Hove",3,56.3,Sussex,Essex,HT Crocombe,ME Claydon,JA Porter,0,0,,,,,,,,,
1227610,2020,2020-08-15,"County Ground, Hove",3,56.4,Sussex,Essex,HT Crocombe,ME Claydon,JA Porter,0,0,,,,,,,,,
1227610,2020,2020-08-15,"County Ground, Hove",3,56.5,Sussex,Essex,HT Crocombe,ME Claydon,JA Porter,0,0,,,,,,bowled,HT Crocombe,,
1227610,2020,2020-08-15,"County Ground, Hove",4,0.1,Essex,Sussex,NLJ Browne,AN Cook,ME Claydon,0,0,,,,,,,,,
1227610,2020,2020-08-15,"County Ground, Hove",4,0.2,Essex,Sussex,NLJ Browne,AN Cook,ME Claydon,0,0,,,,,,,,,
1227610,2020,2020-08-15,"County Ground, Hove",4,0.3,Essex,Sussex,NLJ Browne,AN Cook,ME Claydon,1,0,,,,,,,,,
1227610,2020,2020-08-15,"County Ground, Hove",4,0.4,Essex,Sussex,AN Cook,NLJ Browne,ME Claydon,0,0,,,,,,,,,
1227610,2020,2020-08-15,"County Ground, Hove",4,0.5,Essex,Sussex,AN Cook,NLJ Browne,ME Claydon,0,0,,,,,,,,,
1227610,2020,2020-08-15,"County Ground, Hove",4,0.6,Essex,Sussex,AN Cook,NLJ Browne,ME Claydon,1,0,,,,,,,,,
1227610,2020,2020-08-15,"County Ground, Hove",4,1.1,Essex,Sussex,AN Cook,NLJ Browne,HT Crocombe,0,0,,,,,,,,,
1227610,2020,2020-08-15,"County Ground, Hove",4,1.2,Essex,Sussex,AN Cook,NLJ Browne,HT Crocombe,0,0,,,,,,,,,
1227610,2020,2020-08-15,"County Ground, Hove",4,1.3,Essex,Sussex,AN Cook,NLJ Browne,HT Crocombe,0,0,,,,,,,,,
1227610,2020,2020-08-15,"County Ground, Hove",4,1.4,Essex,Sussex,AN Cook,NLJ Browne,HT Crocombe,0,0,,,,,,,,,
1227610,2020,2020-08-15,"County Ground, Hove",4,1.5,Essex,Sussex,AN Cook,NLJ Browne,HT Crocombe,0,0,,,,,,,,,
1227610,2020,2020-08-15,"County Ground, Hove",4,1.6,Essex,Sussex,AN Cook,NLJ Browne,HT Crocombe,4,0,,,,,,,,,
1227610,2020,2020-08-15,"County Ground, Hove",4,2.1,Essex,Sussex,NLJ Browne,AN Cook,ME Claydon,1,0,,,,,,,,,
1227610,2020,2020-08-15,"County Ground, Hove",4,2.2,Essex,Sussex,AN Cook,NLJ Browne,ME Claydon,4,0,,,,,,,,,
1227610,2020,2020-08-15,"County Ground, Hove",4,2.3,Essex,Sussex,AN Cook,NLJ Browne,ME Claydon,0,0,,,,,,,,,
1227610,2020,2020-08-15,"County Ground, Hove",4,2.4,Essex,Sussex,AN Cook,NLJ Browne,ME Claydon,0,0,,,,,,,,,
1227610,2020,2020-08-15,"County Ground, Hove",4,2.5,Essex,Sussex,AN Cook,NLJ Browne,ME Claydon,0,0,,,,,,,,,
1227610,2020,2020-08-15,"County Ground, Hove",4,2.6,Essex,Sussex,AN Cook,NLJ Browne,ME Claydon,4,0,,,,,,,,,
1227610,2020,2020-08-15,"County Ground, Hove",4,3.1,Essex,Sussex,NLJ Browne,AN Cook,HT Crocombe,0,0,,,,,,,,,
1227610,2020,2020-08-15,"County Ground, Hove",4,3.2,Essex,Sussex,NLJ Browne,AN Cook,HT Crocombe,4,0,,,,,,,,,
1227610,2020,2020-08-15,"County Ground, Hove",4,3.3,Essex,Sussex,NLJ Browne,AN Cook,HT Crocombe,0,0,,,,,,,,,
1227610,2020,2020-08-15,"County Ground, Hove",4,3.4,Essex,Sussex,NLJ Browne,AN Cook,HT Crocombe,0,0,,,,,,,,,
1227610,2020,2020-08-15,"County Ground, Hove",4,3.5,Essex,Sussex,NLJ Browne,AN Cook,HT Crocombe,0,0,,,,,,,,,
1227610,2020,2020-08-15,"County Ground, Hove",4,3.6,Essex,Sussex,NLJ Browne,AN Cook,HT Crocombe,0,0,,,,,,,,,
1227610,2020,2020-08-15,"County Ground, Hove",4,4.1,Essex,Sussex,AN Cook,NLJ Browne,ME Claydon,4,0,,,,,,,,,
1227610,2020,2020-08-15,"County Ground, Hove",4,4.2,Essex,Sussex,AN Cook,NLJ Browne,ME Claydon,0,0,,,,,,,,,
1227610,2020,2020-08-15,"County Ground, Hove",4,4.3,Essex,Sussex,AN Cook,NLJ Browne,ME Claydon,0,0,,,,,,,,,
1227610,2020,2020-08-15,"County Ground, Hove",4,4.4,Essex,Sussex,AN Cook,NLJ Browne,ME Claydon,0,0,,,,,,,,,
1227610,2020,2020-08-15,"County Ground, Hove",4,4.5,Essex,Sussex,AN Cook,NLJ Browne,ME Claydon,0,0,,,,,,,,,
1227610,2020,2020-08-15,"County Ground, Hove",4,4.6,Essex,Sussex,AN Cook,NLJ Browne,ME Claydon,0,0,,,,,,,,,
1227610,2020,2020-08-15,"County Ground, Hove",4,5.1,Essex,Sussex,NLJ Browne,AN Cook,HT Crocombe,0,0,,,,,,,,,
1227610,2020,2020-08-15,"County Ground, Hove",4,5.2,Essex,Sussex,NLJ Browne,AN Cook,HT Crocombe,0,0,,,,,,,,,
1227610,2020,2020-08-15,"County Ground, Hove",4,5.3,Essex,Sussex,NLJ Browne,AN Cook,HT Crocombe,4,0,,,,,,,,,
1227610,2020,2020-08-15,"County Ground, Hove",4,5.4,Essex,Sussex,NLJ Browne,AN Cook,HT Crocombe,0,0,,,,,,,,,
1227610,2020,2020-08-15,"County Ground, Hove",4,5.5,Essex,Sussex,NLJ Browne,AN Cook,HT Crocombe,1,0,,,,,,,,,
1227610,2020,2020-08-15,"County Ground, Hove",4,5.6,Essex,Sussex,AN Cook,NLJ Browne,HT Crocombe,0,0,,,,,,,,,
1227610,2020,2020-08-15,"County Ground, Hove",4,6.1,Essex,Sussex,NLJ Browne,AN Cook,ME Claydon,0,0,,,,,,,,,
1227610,2020,2020-08-15,"County Ground, Hove",4,6.2,Essex,Sussex,NLJ Browne,AN Cook,ME Claydon,0,0,,,,,,,,,
1227610,2020,2020-08-15,"County Ground, Hove",4,6.3,Essex,Sussex,NLJ Browne,AN Cook,ME Claydon,0,0,,,,,,,,,
1227610,2020,2020-08-15,"County Ground, Hove",4,6.4,Essex,Sussex,NLJ Browne,AN Cook,ME Claydon,0,0,,,,,,,,,
1227610,2020,2020-08-15,"County Ground, Hove",4,6.5,Essex,Sussex,NLJ Browne,AN Cook,ME Claydon,0,0,,,,,,,,,
1227610,2020,2020-08-15,"County Ground, Hove",4,6.6,Essex,Sussex,NLJ Browne,AN Cook,ME Claydon,2,0,,,,,,,,,
1227610,2020,2020-08-15,"County Ground, Hove",4,7.1,Essex,Sussex,AN Cook,NLJ Browne,HT Crocombe,0,0,,,,,,,,,
1227610,2020,2020-08-15,"County Ground, Hove",4,7.2,Essex,Sussex,AN Cook,NLJ Browne,HT Crocombe,4,0,,,,,,,,,
1227610,2020,2020-08-15,"County Ground, Hove",4,7.3,Essex,Sussex,AN Cook,NLJ Browne,HT Crocombe,2,0,,,,,,,,,
1227610,2020,2020-08-15,"County Ground, Hove",4,7.4,Essex,Sussex,AN Cook,NLJ Browne,HT Crocombe,2,0,,,,,,,,,
1227610,2020,2020-08-15,"County Ground, Hove",4,7.5,Essex,Sussex,AN Cook,NLJ Browne,HT Crocombe,0,0,,,,,,,,,
1227610,2020,2020-08-15,"County Ground, Hove",4,7.6,Essex,Sussex,AN Cook,NLJ Browne,HT Crocombe,0,0,,,,,,,,,
1227610,2020,2020-08-15,"County Ground, Hove",4,8.1,Essex,Sussex,NLJ Browne,AN Cook,ME Claydon,0,0,,,,,,,,,
1227610,2020,2020-08-15,"County Ground, Hove",4,8.2,Essex,Sussex,NLJ Browne,AN Cook,ME Claydon,0,0,,,,,,,,,
1227610,2020,2020-08-15,"County Ground, Hove",4,8.3,Essex,Sussex,NLJ Browne,AN Cook,ME Claydon,4,0,,,,,,,,,
1227610,2020,2020-08-15,"County Ground, Hove",4,8.4,Essex,Sussex,NLJ Browne,AN Cook,ME Claydon,0,0,,,,,,,,,
1227610,2020,2020-08-15,"County Ground, Hove",4,8.5,Essex,Sussex,NLJ Browne,AN Cook,ME Claydon,0,0,,,,,,,,,
1227610,2020,2020-08-15,"County Ground, Hove",4,8.6,Essex,Sussex,NLJ Browne,AN Cook,ME Claydon,0,0,,,,,,,,,
1227610,2020,2020-08-15,"County Ground, Hove",4,9.1,Essex,Sussex,AN Cook,NLJ Browne,GHS Garton,1,0,,,,,,,,,
1227610,2020,2020-08-15,"County Ground, Hove",4,9.2,Essex,Sussex,NLJ Browne,AN Cook,GHS Garton,0,0,,,,,,,,,
1227610,2020,2020-08-15,"County Ground, Hove",4,9.3,Essex,Sussex,NLJ Browne,AN Cook,GHS Garton,1,0,,,,,,,,,
1227610,2020,2020-08-15,"County Ground, Hove",4,9.4,Essex,Sussex,AN Cook,NLJ Browne,GHS Garton,0,0,,,,,,,,,
1227610,2020,2020-08-15,"County Ground, Hove",4,9.5,Essex,Sussex,AN Cook,NLJ Browne,GHS Garton,0,0,,,,,,caught,AN Cook,,
1227610,2020,2020-08-15,"County Ground, Hove",4,9.6,Essex,Sussex,T Westley,NLJ Browne,GHS Garton,1,0,,,,,,,,,
1227610,2020,2020-08-15,"County Ground, Hove",4,10.1,Essex,Sussex,T Westley,NLJ Browne,ME Claydon,3,0,,,,,,,,,
1227610,2020,2020-08-15,"County Ground, Hove",4,10.2,Essex,Sussex,NLJ Browne,T Westley,ME Claydon,0,0,,,,,,,,,
1227610,2020,2020-08-15,"County Ground, Hove",4,10.3,Essex,Sussex,NLJ Browne,T Westley,ME Claydon,1,0,,,,,,,,,
1227610,2020,2020-08-15,"County Ground, Hove",4,10.4,Essex,Sussex,T Westley,NLJ Browne,ME Claydon,0,0,,,,,,,,,
1227610,2020,2020-08-15,"County Ground, Hove",4,10.5,Essex,Sussex,T Westley,NLJ Browne,ME Claydon,0,0,,,,,,,,,
1227610,2020,2020-08-15,"County Ground, Hove",4,10.6,Essex,Sussex,T Westley,NLJ Browne,ME Claydon,0,0,,,,,,,,,
1227610,2020,2020-08-15,"County Ground, Hove",4,11.1,Essex,Sussex,NLJ Browne,T Westley,GHS Garton,0,0,,,,,,,,,
1227610,2020,2020-08-15,"County Ground, Hove",4,11.2,Essex,Sussex,NLJ Browne,T Westley,GHS Garton,0,0,,,,,,,,,
1227610,2020,2020-08-15,"County Ground, Hove",4,11.3,Essex,Sussex,NLJ Browne,T Westley,GHS Garton,0,0,,,,,,,,,
1227610,2020,2020-08-15,"County Ground, Hove",4,11.4,Essex,Sussex,NLJ Browne,T Westley,GHS Garton,0,0,,,,,,lbw,NLJ Browne,,
1227610,2020,2020-08-15,"County Ground, Hove",4,11.5,Essex,Sussex,DW Lawrence,T Westley,GHS Garton,0,0,,,,,,,,,
1227610,2020,2020-08-15,"County Ground, Hove",4,11.6,Essex,Sussex,DW Lawrence,T Westley,GHS Garton,0,0,,,,,,,,,
1227610,2020,2020-08-15,"County Ground, Hove",4,12.1,Essex,Sussex,T Westley,DW Lawrence,ME Claydon,0,0,,,,,,,,,
1227610,2020,2020-08-15,"County Ground, Hove",4,12.2,Essex,Sussex,T Westley,DW Lawrence,ME Claydon,0,0,,,,,,,,,
1227610,2020,2020-08-15,"County Ground, Hove",4,12.3,Essex,Sussex,T Westley,DW Lawrence,ME Claydon,0,0,,,,,,,,,
1227610,2020,2020-08-15,"County Ground, Hove",4,12.4,Essex,Sussex,T Westley,DW Lawrence,ME Claydon,0,0,,,,,,,,,
1227610,2020,2020-08-15,"County Ground, Hove",4,12.5,Essex,Sussex,T Westley,DW Lawrence,ME Claydon,0,0,,,,,,,,,
1227610,2020,2020-08-15,"County Ground, Hove",4,12.6,Essex,Sussex,T Westley,DW Lawrence,ME Claydon,0,0,,,,,,,,,
1227610,2020,2020-08-15,"County Ground, Hove",4,13.1,Essex,Sussex,DW Lawrence,T Westley,GHS Garton,0,0,,,,,,,,,
1227610,2020,2020-08-15,"County Ground, Hove",4,13.2,Essex,Sussex,DW Lawrence,T Westley,GHS Garton,4,0,,,,,,,,,
1227610,2020,2020-08-15,"County Ground, Hove",4,13.3,Essex,Sussex,DW Lawrence,T Westley,GHS Garton,0,0,,,,,,,,,
1227610,2020,2020-08-15,"County Ground, Hove",4,13.4,Essex,Sussex,DW Lawrence,T Westley,GHS Garton,0,0,,,,,,,,,
1227610,2020,2020-08-15,"County Ground, Hove",4,13.5,Essex,Sussex,DW Lawrence,T Westley,GHS Garton,0,0,,,,,,,,,
1227610,2020,2020-08-15,"County Ground, Hove",4,13.6,Essex,Sussex,DW Lawrence,T Westley,GHS Garton,1,0,,,,,,,,,
1227610,2020,2020-08-15,"County Ground, Hove",4,14.1,Essex,Sussex,DW Lawrence,T Westley,TJ Haines,0,0,,,,,,,,,
1227610,2020,2020-08-15,"County Ground, Hove",4,14.2,Essex,Sussex,DW Lawrence,T Westley,TJ Haines,0,0,,,,,,,,,
1227610,2020,2020-08-15,"County Ground, Hove",4,14.3,Essex,Sussex,DW Lawrence,T Westley,TJ Haines,0,0,,,,,,,,,
1227610,2020,2020-08-15,"County Ground, Hove",4,14.4,Essex,Sussex,DW Lawrence,T Westley,TJ Haines,0,0,,,,,,,,,
1227610,2020,2020-08-15,"County Ground, Hove",4,14.5,Essex,Sussex,DW Lawrence,T Westley,TJ Haines,1,0,,,,,,,,,
1227610,2020,2020-08-15,"County Ground, Hove",4,14.6,Essex,Sussex,T Westley,DW Lawrence,TJ Haines,0,0,,,,,,,,,
1227610,2020,2020-08-15,"County Ground, Hove",4,15.1,Essex,Sussex,DW Lawrence,T Westley,GHS Garton,0,0,,,,,,,,,
1227610,2020,2020-08-15,"County Ground, Hove",4,15.2,Essex,Sussex,DW Lawrence,T Westley,GHS Garton,4,0,,,,,,,,,
1227610,2020,2020-08-15,"County Ground, Hove",4,15.3,Essex,Sussex,DW Lawrence,T Westley,GHS Garton,0,0,,,,,,,,,
1227610,2020,2020-08-15,"County Ground, Hove",4,15.4,Essex,Sussex,DW Lawrence,T Westley,GHS Garton,0,0,,,,,,,,,
1227610,2020,2020-08-15,"County Ground, Hove",4,15.5,Essex,Sussex,DW Lawrence,T Westley,GHS Garton,1,0,,,,,,,,,
1227610,2020,2020-08-15,"County Ground, Hove",4,15.6,Essex,Sussex,T Westley,DW Lawrence,GHS Garton,0,0,,,,,,,,,
1227610,2020,2020-08-15,"County Ground, Hove",4,16.1,Essex,Sussex,DW Lawrence,T Westley,TJ Haines,1,0,,,,,,,,,
1227610,2020,2020-08-15,"County Ground, Hove",4,16.2,Essex,Sussex,T Westley,DW Lawrence,TJ Haines,0,0,,,,,,,,,
1227610,2020,2020-08-15,"County Ground, Hove",4,16.3,Essex,Sussex,T Westley,DW Lawrence,TJ Haines,0,0,,,,,,,,,
1227610,2020,2020-08-15,"County Ground, Hove",4,16.4,Essex,Sussex,T Westley,DW Lawrence,TJ Haines,0,0,,,,,,,,,
1227610,2020,2020-08-15,"County Ground, Hove",4,16.5,Essex,Sussex,T Westley,DW Lawrence,TJ Haines,0,0,,,,,,,,,
1227610,2020,2020-08-15,"County Ground, Hove",4,16.6,Essex,Sussex,T Westley,DW Lawrence,TJ Haines,0,0,,,,,,,,,
1227610,2020,2020-08-15,"County Ground, Hove",4,17.1,Essex,Sussex,DW Lawrence,T Westley,GHS Garton,0,0,,,,,,,,,
1227610,2020,2020-08-15,"County Ground, Hove",4,17.2,Essex,Sussex,DW Lawrence,T Westley,GHS Garton,0,0,,,,,,,,,
1227610,2020,2020-08-15,"County Ground, Hove",4,17.3,Essex,Sussex,DW Lawrence,T Westley,GHS Garton,3,0,,,,,,,,,
1227610,2020,2020-08-15,"County Ground, Hove",4,17.4,Essex,Sussex,T Westley,DW Lawrence,GHS Garton,0,0,,,,,,,,,
1227610,2020,2020-08-15,"County Ground, Hove",4,17.5,Essex,Sussex,T Westley,DW Lawrence,GHS Garton,0,0,,,,,,,,,
1227610,2020,2020-08-15,"County Ground, Hove",4,17.6,Essex,Sussex,T Westley,DW Lawrence,GHS Garton,1,0,,,,,,,,,
1227610,2020,2020-08-15,"County Ground, Hove",4,18.1,Essex,Sussex,T Westley,DW Lawrence,TJ Haines,0,0,,,,,,,,,
1227610,2020,2020-08-15,"County Ground, Hove",4,18.2,Essex,Sussex,T Westley,DW Lawrence,TJ Haines,1,0,,,,,,,,,
1227610,2020,2020-08-15,"County Ground, Hove",4,18.3,Essex,Sussex,DW Lawrence,T Westley,TJ Haines,0,4,,,4,,,,,,
1227610,2020,2020-08-15,"County Ground, Hove",4,18.4,Essex,Sussex,DW Lawrence,T Westley,TJ Haines,0,0,,,,,,,,,
1227610,2020,2020-08-15,"County Ground, Hove",4,18.5,Essex,Sussex,DW Lawrence,T Westley,TJ Haines,1,0,,,,,,,,,
1227610,2020,2020-08-15,"County Ground, Hove",4,18.6,Essex,Sussex,T Westley,DW Lawrence,TJ Haines,1,0,,,,,,,,,
1227610,2020,2020-08-15,"County Ground, Hove",4,19.1,Essex,Sussex,T Westley,DW Lawrence,DMW Rawlins,1,0,,,,,,,,,
1227610,2020,2020-08-15,"County Ground, Hove",4,19.2,Essex,Sussex,DW Lawrence,T Westley,DMW Rawlins,0,0,,,,,,,,,
1227610,2020,2020-08-15,"County Ground, Hove",4,19.3,Essex,Sussex,DW Lawrence,T Westley,DMW Rawlins,0,0,,,,,,,,,
1227610,2020,2020-08-15,"County Ground, Hove",4,19.4,Essex,Sussex,DW Lawrence,T Westley,DMW Rawlins,1,0,,,,,,,,,
1227610,2020,2020-08-15,"County Ground, Hove",4,19.5,Essex,Sussex,T Westley,DW Lawrence,DMW Rawlins,0,0,,,,,,,,,
1227610,2020,2020-08-15,"County Ground, Hove",4,19.6,Essex,Sussex,T Westley,DW Lawrence,DMW Rawlins,0,0,,,,,,,,,
1227610,2020,2020-08-15,"County Ground, Hove",4,20.1,Essex,Sussex,DW Lawrence,T Westley,TJ Haines,1,0,,,,,,,,,
1227610,2020,2020-08-15,"County Ground, Hove",4,20.2,Essex,Sussex,T Westley,DW Lawrence,TJ Haines,4,0,,,,,,,,,
1227610,2020,2020-08-15,"County Ground, Hove",4,20.3,Essex,Sussex,T Westley,DW Lawrence,TJ Haines,0,0,,,,,,,,,
1227610,2020,2020-08-15,"County Ground, Hove",4,20.4,Essex,Sussex,T Westley,DW Lawrence,TJ Haines,0,0,,,,,,,,,
1227610,2020,2020-08-15,"County Ground, Hove",4,20.5,Essex,Sussex,T Westley,DW Lawrence,TJ Haines,0,0,,,,,,,,,
1227610,2020,2020-08-15,"County Ground, Hove",4,20.6,Essex,Sussex,T Westley,DW Lawrence,TJ Haines,1,0,,,,,,,,,
1227610,2020,2020-08-15,"County Ground, Hove",4,21.1,Essex,Sussex,T Westley,DW Lawrence,SC Meaker,2,0,,,,,,,,,
1227610,2020,2020-08-15,"County Ground, Hove",4,21.2,Essex,Sussex,T Westley,DW Lawrence,SC Meaker,0,0,,,,,,,,,
1227610,2020,2020-08-15,"County Ground, Hove",4,21.3,Essex,Sussex,T Westley,DW Lawrence,SC Meaker,1,0,,,,,,,,,
1227610,2020,2020-08-15,"County Ground, Hove",4,21.4,Essex,Sussex,DW Lawrence,T Westley,SC Meaker,2,0,,,,,,,,,
1227610,2020,2020-08-15,"County Ground, Hove",4,21.5,Essex,Sussex,DW Lawrence,T Westley,SC Meaker,1,0,,,,,,,,,
1227610,2020,2020-08-15,"County Ground, Hove",4,21.6,Essex,Sussex,T Westley,DW Lawrence,SC Meaker,0,0,,,,,,,,,
1227610,2020,2020-08-15,"County Ground, Hove",4,22.1,Essex,Sussex,DW Lawrence,T Westley,ME Claydon,0,0,,,,,,,,,
1227610,2020,2020-08-15,"County Ground, Hove",4,22.2,Essex,Sussex,DW Lawrence,T Westley,ME Claydon,0,0,,,,,,,,,
1227610,2020,2020-08-15,"County Ground, Hove",4,22.3,Essex,Sussex,DW Lawrence,T Westley,ME Claydon,0,0,,,,,,,,,
1227610,2020,2020-08-15,"County Ground, Hove",4,22.4,Essex,Sussex,DW Lawrence,T Westley,ME Claydon,0,0,,,,,,,,,
1227610,2020,2020-08-15,"County Ground, Hove",4,22.5,Essex,Sussex,DW Lawrence,T Westley,ME Claydon,0,0,,,,,,,,,
1227610,2020,2020-08-15,"County Ground, Hove",4,22.6,Essex,Sussex,DW Lawrence,T Westley,ME Claydon,4,0,,,,,,,,,
1227610,2020,2020-08-15,"County Ground, Hove",4,23.1,Essex,Sussex,T Westley,DW Lawrence,SC Meaker,1,0,,,,,,,,,
1227610,2020,2020-08-15,"County Ground, Hove",4,23.2,Essex,Sussex,DW Lawrence,T Westley,SC Meaker,0,0,,,,,,,,,
1227610,2020,2020-08-15,"County Ground, Hove",4,23.3,Essex,Sussex,DW Lawrence,T Westley,SC Meaker,0,0,,,,,,,,,
1227610,2020,2020-08-15,"County Ground, Hove",4,23.4,Essex,Sussex,DW Lawrence,T Westley,SC Meaker,0,0,,,,,,,,,
1227610,2020,2020-08-15,"County Ground, Hove",4,23.5,Essex,Sussex,DW Lawrence,T Westley,SC Meaker,0,0,,,,,,,,,
1227610,2020,2020-08-15,"County Ground, Hove",4,23.6,Essex,Sussex,DW Lawrence,T Westley,SC Meaker,4,0,,,,,,,,,
1227610,2020,2020-08-15,"County Ground, Hove",4,24.1,Essex,Sussex,T Westley,DW Lawrence,ME Claydon,0,0,,,,,,,,,
1227610,2020,2020-08-15,"County Ground, Hove",4,24.2,Essex,Sussex,T Westley,DW Lawrence,ME Claydon,1,0,,,,,,,,,
1227610,2020,2020-08-15,"County Ground, Hove",4,24.3,Essex,Sussex,DW Lawrence,T Westley,ME Claydon,0,0,,,,,,,,,
1227610,2020,2020-08-15,"County Ground, Hove",4,24.4,Essex,Sussex,DW Lawrence,T Westley,ME Claydon,0,0,,,,,,,,,
1227610,2020,2020-08-15,"County Ground, Hove",4,24.5,Essex,Sussex,DW Lawrence,T Westley,ME Claydon,4,0,,,,,,,,,
1227610,2020,2020-08-15,"County Ground, Hove",4,24.6,Essex,Sussex,DW Lawrence,T Westley,ME Claydon,0,0,,,,,,,,,
1227610,2020,2020-08-15,"County Ground, Hove",4,25.1,Essex,Sussex,T Westley,DW Lawrence,SC Meaker,0,0,,,,,,,,,
1227610,2020,2020-08-15,"County Ground, Hove",4,25.2,Essex,Sussex,T Westley,DW Lawrence,SC Meaker,1,0,,,,,,,,,
1227610,2020,2020-08-15,"County Ground, Hove",4,25.3,Essex,Sussex,DW Lawrence,T Westley,SC Meaker,1,0,,,,,,,,,
1227610,2020,2020-08-15,"County Ground, Hove",4,25.4,Essex,Sussex,T Westley,DW Lawrence,SC Meaker,1,0,,,,,,,,,
1227610,2020,2020-08-15,"County Ground, Hove",4,25.5,Essex,Sussex,DW Lawrence,T Westley,SC Meaker,3,0,,,,,,,,,
1227610,2020,2020-08-15,"County Ground, Hove",4,25.6,Essex,Sussex,T Westley,DW Lawrence,SC Meaker,1,0,,,,,,,,,
1227610,2020,2020-08-15,"County Ground, Hove",4,26.1,Essex,Sussex,T Westley,DW Lawrence,ME Claydon,0,0,,,,,,,,,
1227610,2020,2020-08-15,"County Ground, Hove",4,26.2,Essex,Sussex,T Westley,DW Lawrence,ME Claydon,0,0,,,,,,,,,
1227610,2020,2020-08-15,"County Ground, Hove",4,26.3,Essex,Sussex,T Westley,DW Lawrence,ME Claydon,0,0,,,,,,,,,
1227610,2020,2020-08-15,"County Ground, Hove",4,26.4,Essex,Sussex,T Westley,DW Lawrence,ME Claydon,0,0,,,,,,,,,
1227610,2020,2020-08-15,"County Ground, Hove",4,26.5,Essex,Sussex,T Westley,DW Lawrence,ME Claydon,0,0,,,,,,,,,
1227610,2020,2020-08-15,"County Ground, Hove",4,26.6,Essex,Sussex,T Westley,DW Lawrence,ME Claydon,2,0,,,,,,,,,
1227610,2020,2020-08-15,"County Ground, Hove",4,27.1,Essex,Sussex,DW Lawrence,T Westley,SC Meaker,4,0,,,,,,,,,
1227610,2020,2020-08-15,"County Ground, Hove",4,27.2,Essex,Sussex,DW Lawrence,T Westley,SC Meaker,3,0,,,,,,,,,
1227610,2020,2020-08-15,"County Ground, Hove",4,27.3,Essex,Sussex,T Westley,DW Lawrence,SC Meaker,1,0,,,,,,,,,
1227610,2020,2020-08-15,"County Ground, Hove",4,27.4,Essex,Sussex,DW Lawrence,T Westley,SC Meaker,1,0,,,,,,,,,
1227610,2020,2020-08-15,"County Ground, Hove",4,27.5,Essex,Sussex,T Westley,DW Lawrence,SC Meaker,0,0,,,,,,bowled,T Westley,,
1227610,2020,2020-08-15,"County Ground, Hove",4,27.6,Essex,Sussex,RN ten Doeschate,DW Lawrence,SC Meaker,1,0,,,,,,,,,
1227610,2020,2020-08-15,"County Ground, Hove",4,28.1,Essex,Sussex,RN ten Doeschate,DW Lawrence,ME Claydon,1,0,,,,,,,,,
1227610,2020,2020-08-15,"County Ground, Hove",4,28.2,Essex,Sussex,DW Lawrence,RN ten Doeschate,ME Claydon,0,0,,,,,,,,,
1227610,2020,2020-08-15,"County Ground, Hove",4,28.3,Essex,Sussex,DW Lawrence,RN ten Doeschate,ME Claydon,1,0,,,,,,,,,
1227610,2020,2020-08-15,"County Ground, Hove",4,28.4,Essex,Sussex,RN ten Doeschate,DW Lawrence,ME Claydon,0,0,,,,,,,,,
1227610,2020,2020-08-15,"County Ground, Hove",4,28.5,Essex,Sussex,RN ten Doeschate,DW Lawrence,ME Claydon,3,0,,,,,,,,,
1227610,2020,2020-08-15,"County Ground, Hove",4,28.6,Essex,Sussex,DW Lawrence,RN ten Doeschate,ME Claydon,0,0,,,,,,,,,
1227610,2020,2020-08-15,"County Ground, Hove",4,29.1,Essex,Sussex,RN ten Doeschate,DW Lawrence,SC Meaker,0,0,,,,,,,,,
1227610,2020,2020-08-15,"County Ground, Hove",4,29.2,Essex,Sussex,RN ten Doeschate,DW Lawrence,SC Meaker,1,0,,,,,,,,,
1227610,2020,2020-08-15,"County Ground, Hove",4,29.3,Essex,Sussex,DW Lawrence,RN ten Doeschate,SC Meaker,0,0,,,,,,,,,
1227610,2020,2020-08-15,"County Ground, Hove",4,29.4,Essex,Sussex,DW Lawrence,RN ten Doeschate,SC Meaker,1,0,,,,,,,,,
1227610,2020,2020-08-15,"County Ground, Hove",4,29.5,Essex,Sussex,RN ten Doeschate,DW Lawrence,SC Meaker,0,1,,,,1,,,,,
1227610,2020,2020-08-15,"County Ground, Hove",4,29.6,Essex,Sussex,DW Lawrence,RN ten Doeschate,SC Meaker,0,0,,,,,,,,,
1227610,2020,2020-08-15,"County Ground, Hove",4,30.1,Essex,Sussex,RN ten Doeschate,DW Lawrence,HT Crocombe,0,0,,,,,,,,,
1227610,2020,2020-08-15,"County Ground, Hove",4,30.2,Essex,Sussex,RN ten Doeschate,DW Lawrence,HT Crocombe,0,0,,,,,,,,,
1227610,2020,2020-08-15,"County Ground, Hove",4,30.3,Essex,Sussex,RN ten Doeschate,DW Lawrence,HT Crocombe,0,0,,,,,,,,,
1227610,2020,2020-08-15,"County Ground, Hove",4,30.4,Essex,Sussex,RN ten Doeschate,DW Lawrence,HT Crocombe,0,0,,,,,,,,,
1227610,2020,2020-08-15,"County Ground, Hove",4,30.5,Essex,Sussex,RN ten Doeschate,DW Lawrence,HT Crocombe,0,0,,,,,,,,,
1227610,2020,2020-08-15,"County Ground, Hove",4,30.6,Essex,Sussex,RN ten Doeschate,DW Lawrence,HT Crocombe,0,0,,,,,,,,,
1227610,2020,2020-08-15,"County Ground, Hove",4,31.1,Essex,Sussex,DW Lawrence,RN ten Doeschate,GHS Garton,0,0,,,,,,,,,
1227610,2020,2020-08-15,"County Ground, Hove",4,31.2,Essex,Sussex,DW Lawrence,RN ten Doeschate,GHS Garton,0,2,,2,,,,,,,
1227610,2020,2020-08-15,"County Ground, Hove",4,31.3,Essex,Sussex,DW Lawrence,RN ten Doeschate,GHS Garton,4,0,,,,,,,,,
1227610,2020,2020-08-15,"County Ground, Hove",4,31.4,Essex,Sussex,DW Lawrence,RN ten Doeschate,GHS Garton,0,0,,,,,,,,,
1227610,2020,2020-08-15,"County Ground, Hove",4,31.5,Essex,Sussex,DW Lawrence,RN ten Doeschate,GHS Garton,1,0,,,,,,,,,
1227610,2020,2020-08-15,"County Ground, Hove",4,31.6,Essex,Sussex,RN ten Doeschate,DW Lawrence,GHS Garton,2,0,,,,,,,,,
1227610,2020,2020-08-15,"County Ground, Hove",4,31.7,Essex,Sussex,RN ten Doeschate,DW Lawrence,GHS Garton,0,0,,,,,,,,,
1227610,2020,2020-08-15,"County Ground, Hove",4,32.1,Essex,Sussex,DW Lawrence,RN ten Doeschate,HT Crocombe,1,0,,,,,,,,,
1227610,2020,2020-08-15,"County Ground, Hove",4,32.2,Essex,Sussex,RN ten Doeschate,DW Lawrence,HT Crocombe,0,0,,,,,,,,,
1227610,2020,2020-08-15,"County Ground, Hove",4,32.3,Essex,Sussex,RN ten Doeschate,DW Lawrence,HT Crocombe,0,0,,,,,,,,,
1227610,2020,2020-08-15,"County Ground, Hove",4,32.4,Essex,Sussex,RN ten Doeschate,DW Lawrence,HT Crocombe,0,0,,,,,,,,,
1227610,2020,2020-08-15,"County Ground, Hove",4,32.5,Essex,Sussex,RN ten Doeschate,DW Lawrence,HT Crocombe,0,0,,,,,,,,,
1227610,2020,2020-08-15,"County Ground, Hove",4,32.6,Essex,Sussex,RN ten Doeschate,DW Lawrence,HT Crocombe,4,0,,,,,,,,,
1227610,2020,2020-08-15,"County Ground, Hove",4,33.1,Essex,Sussex,DW Lawrence,RN ten Doeschate,GHS Garton,1,0,,,,,,,,,
1227610,2020,2020-08-15,"County Ground, Hove",4,33.2,Essex,Sussex,RN ten Doeschate,DW Lawrence,GHS Garton,0,0,,,,,,,,,
1227610,2020,2020-08-15,"County Ground, Hove",4,33.3,Essex,Sussex,RN ten Doeschate,DW Lawrence,GHS Garton,0,0,,,,,,,,,
1227610,2020,2020-08-15,"County Ground, Hove",4,33.4,Essex,Sussex,RN ten Doeschate,DW Lawrence,GHS Garton,0,0,,,,,,caught,RN ten Doeschate,,
1227610,2020,2020-08-15,"County Ground, Hove",4,33.5,Essex,Sussex,PI Walter,DW Lawrence,GHS Garton,0,0,,,,,,,,,
1227610,2020,2020-08-15,"County Ground, Hove",4,33.6,Essex,Sussex,PI Walter,DW Lawrence,GHS Garton,0,0,,,,,,,,,
1227610,2020,2020-08-15,"County Ground, Hove",4,34.1,Essex,Sussex,DW Lawrence,PI Walter,HT Crocombe,0,0,,,,,,,,,
1227610,2020,2020-08-15,"County Ground, Hove",4,34.2,Essex,Sussex,DW Lawrence,PI Walter,HT Crocombe,0,0,,,,,,,,,
1227610,2020,2020-08-15,"County Ground, Hove",4,34.3,Essex,Sussex,DW Lawrence,PI Walter,HT Crocombe,2,0,,,,,,,,,
1227610,2020,2020-08-15,"County Ground, Hove",4,34.4,Essex,Sussex,DW Lawrence,PI Walter,HT Crocombe,0,0,,,,,,,,,
1227610,2020,2020-08-15,"County Ground, Hove",4,34.5,Essex,Sussex,DW Lawrence,PI Walter,HT Crocombe,1,0,,,,,,,,,
1227610,2020,2020-08-15,"County Ground, Hove",4,34.6,Essex,Sussex,PI Walter,DW Lawrence,HT Crocombe,0,0,,,,,,,,,
1227610,2020,2020-08-15,"County Ground, Hove",4,35.1,Essex,Sussex,DW Lawrence,PI Walter,GHS Garton,0,0,,,,,,,,,
1227610,2020,2020-08-15,"County Ground, Hove",4,35.2,Essex,Sussex,DW Lawrence,PI Walter,GHS Garton,1,0,,,,,,,,,
1227610,2020,2020-08-15,"County Ground, Hove",4,35.3,Essex,Sussex,PI Walter,DW Lawrence,GHS Garton,0,0,,,,,,,,,
1227610,2020,2020-08-15,"County Ground, Hove",4,35.4,Essex,Sussex,PI Walter,DW Lawrence,GHS Garton,0,0,,,,,,,,,
1227610,2020,2020-08-15,"County Ground, Hove",4,35.5,Essex,Sussex,PI Walter,DW Lawrence,GHS Garton,0,0,,,,,,,,,
1227610,2020,2020-08-15,"County Ground, Hove",4,35.6,Essex,Sussex,PI Walter,DW Lawrence,GHS Garton,4,0,,,,,,,,,
1227610,2020,2020-08-15,"County Ground, Hove",4,36.1,Essex,Sussex,DW Lawrence,PI Walter,HT Crocombe,0,0,,,,,,,,,
1227610,2020,2020-08-15,"County Ground, Hove",4,36.2,Essex,Sussex,DW Lawrence,PI Walter,HT Crocombe,0,0,,,,,,,,,
1227610,2020,2020-08-15,"County Ground, Hove",4,36.3,Essex,Sussex,DW Lawrence,PI Walter,HT Crocombe,0,0,,,,,,,,,
1227610,2020,2020-08-15,"County Ground, Hove",4,36.4,Essex,Sussex,DW Lawrence,PI Walter,HT Crocombe,1,0,,,,,,,,,
1227610,2020,2020-08-15,"County Ground, Hove",4,36.5,Essex,Sussex,PI Walter,DW Lawrence,HT Crocombe,1,0,,,,,,,,,
1227610,2020,2020-08-15,"County Ground, Hove",4,36.6,Essex,Sussex,DW Lawrence,PI Walter,HT Crocombe,1,0,,,,,,,,,
1227610,2020,2020-08-15,"County Ground, Hove",4,37.1,Essex,Sussex,DW Lawrence,PI Walter,GHS Garton,0,0,,,,,,caught,DW Lawrence,,
1227610,2020,2020-08-15,"County Ground, Hove",4,37.2,Essex,Sussex,AJA Wheater,PI Walter,GHS Garton,0,0,,,,,,,,,
1227610,2020,2020-08-15,"County Ground, Hove",4,37.3,Essex,Sussex,AJA Wheater,PI Walter,GHS Garton,0,0,,,,,,,,,
1227610,2020,2020-08-15,"County Ground, Hove",4,37.4,Essex,Sussex,AJA Wheater,PI Walter,GHS Garton,0,0,,,,,,,,,
1227610,2020,2020-08-15,"County Ground, Hove",4,37.5,Essex,Sussex,AJA Wheater,PI Walter,GHS Garton,0,0,,,,,,,,,
1227610,2020,2020-08-15,"County Ground, Hove",4,37.6,Essex,Sussex,AJA Wheater,PI Walter,GHS Garton,4,0,,,,,,,,,
1227610,2020,2020-08-15,"County Ground, Hove",4,38.1,Essex,Sussex,PI Walter,AJA Wheater,HT Crocombe,0,0,,,,,,,,,
1227610,2020,2020-08-15,"County Ground, Hove",4,38.2,Essex,Sussex,PI Walter,AJA Wheater,HT Crocombe,4,0,,,,,,,,,
1227610,2020,2020-08-15,"County Ground, Hove",4,38.3,Essex,Sussex,PI Walter,AJA Wheater,HT Crocombe,1,0,,,,,,,,,
1227610,2020,2020-08-15,"County Ground, Hove",4,38.4,Essex,Sussex,AJA Wheater,PI Walter,HT Crocombe,4,0,,,,,,,,,
1227610,2020,2020-08-15,"County Ground, Hove",4,38.5,Essex,Sussex,AJA Wheater,PI Walter,HT Crocombe,0,0,,,,,,,,,
1227610,2020,2020-08-15,"County Ground, Hove",4,38.6,Essex,Sussex,AJA Wheater,PI Walter,HT Crocombe,1,0,,,,,,,,,
1227610,2020,2020-08-15,"County Ground, Hove",4,39.1,Essex,Sussex,AJA Wheater,PI Walter,GHS Garton,0,0,,,,,,,,,
1227610,2020,2020-08-15,"County Ground, Hove",4,39.2,Essex,Sussex,AJA Wheater,PI Walter,GHS Garton,0,0,,,,,,,,,
1227610,2020,2020-08-15,"County Ground, Hove",4,39.3,Essex,Sussex,AJA Wheater,PI Walter,GHS Garton,0,0,,,,,,,,,
1227610,2020,2020-08-15,"County Ground, Hove",4,39.4,Essex,Sussex,AJA Wheater,PI Walter,GHS Garton,4,0,,,,,,,,,
1227610,2020,2020-08-15,"County Ground, Hove",4,39.5,Essex,Sussex,AJA Wheater,PI Walter,GHS Garton,1,0,,,,,,,,,
1227610,2020,2020-08-15,"County Ground, Hove",4,39.6,Essex,Sussex,PI Walter,AJA Wheater,GHS Garton,0,0,,,,,,,,,
1227610,2020,2020-08-15,"County Ground, Hove",4,40.1,Essex,Sussex,AJA Wheater,PI Walter,ME Claydon,0,0,,,,,,caught,AJA Wheater,,
1227610,2020,2020-08-15,"County Ground, Hove",4,40.2,Essex,Sussex,SR Harmer,PI Walter,ME Claydon,0,0,,,,,,,,,
1227610,2020,2020-08-15,"County Ground, Hove",4,40.3,Essex,Sussex,SR Harmer,PI Walter,ME Claydon,0,0,,,,,,caught,SR Harmer,,
1227610,2020,2020-08-15,"County Ground, Hove",4,40.4,Essex,Sussex,AP Beard,PI Walter,ME Claydon,0,0,,,,,,,,,
1227610,2020,2020-08-15,"County Ground, Hove",4,40.5,Essex,Sussex,AP Beard,PI Walter,ME Claydon,0,0,,,,,,,,,
1227610,2020,2020-08-15,"County Ground, Hove",4,40.6,Essex,Sussex,AP Beard,PI Walter,ME Claydon,0,0,,,,,,,,,
1227610,2020,2020-08-15,"County Ground, Hove",4,41.1,Essex,Sussex,PI Walter,AP Beard,GHS Garton,0,0,,,,,,,,,
1227610,2020,2020-08-15,"County Ground, Hove",4,41.2,Essex,Sussex,PI Walter,AP Beard,GHS Garton,2,0,,,,,,,,,
1227610,2020,2020-08-15,"County Ground, Hove",4,41.3,Essex,Sussex,PI Walter,AP Beard,GHS Garton,2,0,,,,,,,,,
1227610,2020,2020-08-15,"County Ground, Hove",4,41.4,Essex,Sussex,PI Walter,AP Beard,GHS Garton,0,0,,,,,,,,,
1227610,2020,2020-08-15,"County Ground, Hove",4,41.5,Essex,Sussex,PI Walter,AP Beard,GHS Garton,0,0,,,,,,,,,
1227610,2020,2020-08-15,"County Ground, Hove",4,41.6,Essex,Sussex,PI Walter,AP Beard,GHS Garton,2,0,,,,,,,,,
1227610,2020,2020-08-15,"County Ground, Hove",4,42.1,Essex,Sussex,AP Beard,PI Walter,ME Claydon,1,0,,,,,,,,,
1227610,2020,2020-08-15,"County Ground, Hove",4,42.2,Essex,Sussex,PI Walter,AP Beard,ME Claydon,0,0,,,,,,,,,
1227610,2020,2020-08-15,"County Ground, Hove",4,42.3,Essex,Sussex,PI Walter,AP Beard,ME Claydon,0,0,,,,,,,,,
1227610,2020,2020-08-15,"County Ground, Hove",4,42.4,Essex,Sussex,PI Walter,AP Beard,ME Claydon,0,0,,,,,,,,,
1227610,2020,2020-08-15,"County Ground, Hove",4,42.5,Essex,Sussex,PI Walter,AP Beard,ME Claydon,0,0,,,,,,,,,
1227610,2020,2020-08-15,"County Ground, Hove",4,42.6,Essex,Sussex,PI Walter,AP Beard,ME Claydon,3,0,,,,,,,,,
1227610,2020,2020-08-15,"County Ground, Hove",4,43.1,Essex,Sussex,PI Walter,AP Beard,GHS Garton,0,0,,,,,,,,,
1227610,2020,2020-08-15,"County Ground, Hove",4,43.2,Essex,Sussex,PI Walter,AP Beard,GHS Garton,0,0,,,,,,,,,
1227610,2020,2020-08-15,"County Ground, Hove",4,43.3,Essex,Sussex,PI Walter,AP Beard,GHS Garton,1,0,,,,,,,,,
1227610,2020,2020-08-15,"County Ground, Hove",4,43.4,Essex,Sussex,AP Beard,PI Walter,GHS Garton,0,0,,,,,,,,,
1227610,2020,2020-08-15,"County Ground, Hove",4,43.5,Essex,Sussex,AP Beard,PI Walter,GHS Garton,1,0,,,,,,,,,
1227610,2020,2020-08-15,"County Ground, Hove",4,43.6,Essex,Sussex,PI Walter,AP Beard,GHS Garton,1,0,,,,,,,,,
1227610,2020,2020-08-15,"County Ground, Hove",4,44.1,Essex,Sussex,PI Walter,AP Beard,ME Claydon,0,0,,,,,,,,,
1227610,2020,2020-08-15,"County Ground, Hove",4,44.2,Essex,Sussex,PI Walter,AP Beard,ME Claydon,1,0,,,,,,,,,
1227610,2020,2020-08-15,"County Ground, Hove",4,44.3,Essex,Sussex,AP Beard,PI Walter,ME Claydon,0,0,,,,,,,,,
1227610,2020,2020-08-15,"County Ground, Hove",4,44.4,Essex,Sussex,AP Beard,PI Walter,ME Claydon,0,0,,,,,,,,,
1227610,2020,2020-08-15,"County Ground, Hove",4,44.5,Essex,Sussex,AP Beard,PI Walter,ME Claydon,0,0,,,,,,,,,
1227610,2020,2020-08-15,"County Ground, Hove",4,44.6,Essex,Sussex,AP Beard,PI Walter,ME Claydon,4,0,,,,,,,,,
1227610,2020,2020-08-15,"County Ground, Hove",4,45.1,Essex,Sussex,PI Walter,AP Beard,SC Meaker,4,0,,,,,,,,,
1227610,2020,2020-08-15,"County Ground, Hove",4,45.2,Essex,Sussex,PI Walter,AP Beard,SC Meaker,1,0,,,,,,,,,
1227610,2020,2020-08-15,"County Ground, Hove",4,45.3,Essex,Sussex,AP Beard,PI Walter,SC Meaker,0,0,,,,,,,,,
1227610,2020,2020-08-15,"County Ground, Hove",4,45.4,Essex,Sussex,AP Beard,PI Walter,SC Meaker,0,0,,,,,,,,,
1227610,2020,2020-08-15,"County Ground, Hove",4,45.5,Essex,Sussex,AP Beard,PI Walter,SC Meaker,4,0,,,,,,,,,
