PlayType_description,Batting_Team_id,Batting_Team_name,Bowling_Team_id,Bowling_Team_name,Innings,Total_Runs_on_delivery,Commentary,Commentary_short,Score,Bowler_id,Bowler_name,Bowler_maiden,Bowler_balls,Bowler_wickets,Bowler_over,Bowler_conceded,Other_Bowler_id,Other_Bowler_name,Other_Bowler_maidens,Other_Bowler_balls,Other_Bowler_wickets,Other_Bowler_overs,Other_Bowler_conceded,Batsman_id,Batsman_name,Batsman_runs,Batsman_balls_faced,Batsman_four,Batsman_sixes,Other_Batsman_id,Other_Batsman_name,Other_Batsman_runs,Other_Batsman_balls_faced,Other_Batsman_four,Other_Batsman_sixes,Over_ball,Over_complete,Over_maiden,Over_no_Ball,Over_wide,Over_byes,Over_leg_byes,Over_number,Over_runs,Over_wickets,Dismissal_is_true,Dismissal_type,Dismissal_fielder_iskeeper,Dismissal_text,Innings_run_rate,Innings_byes,Innings_balls,Innings_no_balls,Innings_wickets,Innings_leg_byes,Innings_session,Innings_day,Innings_wides,Innings_runs
no run,7,Pakistan,3,South Africa,1st innings,0,"length ball, just wide outside off, and Babar looks to drive. Misses","BE Hendricks to Babar Azam, no run",0/0,379927,Beuran Hendricks,0,1,0,0.1,0,False,False,0,0,0,False,0,348144,Babar Azam,0,1,0,0,512191,Fakhar Zaman,0,0,0,0,1,False,0,0,0,0,0,1,1,0,False,,False,False,0.0,0,1,0,0,0,1,1,0,0
run,7,Pakistan,3,South Africa,1st innings,1,"length ball angling into his body, and tucked off his waist to square leg","BE Hendricks to Babar Azam, 1 run",1/0,379927,Beuran Hendricks,0,2,0,0.2,1,False,False,0,0,0,False,0,348144,Babar Azam,1,2,0,0,512191,Fakhar Zaman,0,0,0,0,2,False,0,0,0,0,0,1,1,0,False,,False,False,3.0,0,2,0,0,0,1,1,0,1
no run,7,Pakistan,3,South Africa,1st innings,0,"full on off, and angling into leg stump. Fakhar tries to nudge it to square leg, but the ball hits his knee-roll and dribbles away to the off side","BE Hendricks to Fakhar Zaman, no run",1/0,379927,Beuran Hendricks,0,3,0,0.3,1,False,False,0,0,0,False,0,512191,Fakhar Zaman,0,1,0,0,348144,Babar Azam,1,2,0,0,3,False,0,0,0,0,0,1,1,0,False,,False,False,2.0,0,3,0,0,0,1,1,0,1
no run,7,Pakistan,3,South Africa,1st innings,0,"full on middle, and he prods forward to drive. Mistimed past the bowler's right to mid off this time","BE Hendricks to Fakhar Zaman, no run",1/0,379927,Beuran Hendricks,0,4,0,0.4,1,False,False,0,0,0,False,0,512191,Fakhar Zaman,0,2,0,0,348144,Babar Azam,1,2,0,0,4,False,0,0,0,0,0,1,1,0,False,,False,False,1.5,0,4,0,0,0,1,1,0,1
no run,7,Pakistan,3,South Africa,1st innings,0,"length ball, wide outside off, and the drive away from his body is sliced only to cover","BE Hendricks to Fakhar Zaman, no run",1/0,379927,Beuran Hendricks,0,5,0,0.5,1,False,False,0,0,0,False,0,512191,Fakhar Zaman,0,3,0,0,348144,Babar Azam,1,2,0,0,5,False,0,0,0,0,0,1,1,0,False,,False,False,1.2,0,5,0,0,0,1,1,0,1
no run,7,Pakistan,3,South Africa,1st innings,0,"length ball, wide outside off, and the punch whizzes past the outside edge to the keeper","BE Hendricks to Fakhar Zaman, no run",1/0,379927,Beuran Hendricks,0,6,0,1.0,1,False,False,0,0,0,False,0,512191,Fakhar Zaman,0,4,0,0,348144,Babar Azam,1,2,0,0,6,True,0,0,0,0,0,1,1,0,False,,False,False,1.0,0,6,0,0,0,1,1,0,1
four,7,Pakistan,3,South Africa,1st innings,4,"back of a length, wide outside off, and he stands tall, before pulling over mid-wicket for the game's first four!","Dala to Babar Azam, FOUR runs",5/0,545467,Junior Dala,0,1,0,0.1,4,379927,Beuran Hendricks,0,6,0,1.0,1,348144,Babar Azam,5,3,1,0,512191,Fakhar Zaman,0,4,0,0,1,False,0,0,0,0,0,2,17,0,False,,False,False,4.28,0,7,0,0,0,1,1,0,5
four,7,Pakistan,3,South Africa,1st innings,4,"length ball, wide outside off again, and <B>drilled</b> through point! Stays on the back foot, and hammers a back-foot punch for back-to-back boundaries","Dala to Babar Azam, FOUR runs",9/0,545467,Junior Dala,0,2,0,0.2,8,379927,Beuran Hendricks,0,6,0,1.0,1,348144,Babar Azam,9,4,2,0,512191,Fakhar Zaman,0,4,0,0,2,False,0,0,0,0,0,2,17,0,False,,False,False,6.75,0,8,0,0,0,1,1,0,9
no run,7,Pakistan,3,South Africa,1st innings,0,"full, just outside off stump, and defended with soft hands. Ball rolls back to Dala","Dala to Babar Azam, no run",9/0,545467,Junior Dala,0,3,0,0.3,8,379927,Beuran Hendricks,0,6,0,1.0,1,348144,Babar Azam,9,5,2,0,512191,Fakhar Zaman,0,4,0,0,3,False,0,0,0,0,0,2,17,0,False,,False,False,6.0,0,9,0,0,0,1,1,0,9
four,7,Pakistan,3,South Africa,1st innings,4,"full on off stump, and worked off his toes past the fielder at midwicket! Excellent timing, and the ball sprints away to the cow-corner boundary","Dala to Babar Azam, FOUR runs",13/0,545467,Junior Dala,0,4,0,0.4,12,379927,Beuran Hendricks,0,6,0,1.0,1,348144,Babar Azam,13,6,3,0,512191,Fakhar Zaman,0,4,0,0,4,False,0,0,0,0,0,2,17,0,False,,False,False,7.8,0,10,0,0,0,1,1,0,13
four,7,Pakistan,3,South Africa,1st innings,4,"<b>plays an upper cut over short third man!</b> Short ball, just outside off, and Babar backs away... waits for the ball to get to him... and then steers a cheeky shot over the infield","Dala to Babar Azam, FOUR runs",17/0,545467,Junior Dala,0,5,0,0.5,16,379927,Beuran Hendricks,0,6,0,1.0,1,348144,Babar Azam,17,7,4,0,512191,Fakhar Zaman,0,4,0,0,5,False,0,0,0,0,0,2,17,0,False,,False,False,9.27,0,11,0,0,0,1,1,0,17
run,7,Pakistan,3,South Africa,1st innings,1,"length ball angling in, and pulled along the ground to deep backward square. <b>Seventeen</b> off that over","Dala to Babar Azam, 1 run",18/0,545467,Junior Dala,0,6,0,1.0,17,379927,Beuran Hendricks,0,6,0,1.0,1,348144,Babar Azam,18,8,4,0,512191,Fakhar Zaman,0,4,0,0,6,True,0,0,0,0,0,2,17,0,False,,False,False,9.0,0,12,0,0,0,1,1,0,18
four,7,Pakistan,3,South Africa,1st innings,4,"length ball, wide outside off, and the cut has been <b>edged past first slip!</b> Diving effort not good enough from the cordon, and that's another boundary added to Babar's account","Morris to Babar Azam, FOUR runs",22/0,439952,Chris Morris,0,1,0,0.1,4,545467,Junior Dala,0,6,0,1.0,17,348144,Babar Azam,22,9,5,0,512191,Fakhar Zaman,0,4,0,0,1,False,0,0,0,0,0,3,6,1,False,,False,False,10.15,0,13,0,0,0,1,1,0,22
run,7,Pakistan,3,South Africa,1st innings,1,"back of a length just outside off, and he rides the bounce to steer a shot to third man","Morris to Babar Azam, 1 run",23/0,439952,Chris Morris,0,2,0,0.2,5,545467,Junior Dala,0,6,0,1.0,17,348144,Babar Azam,23,10,5,0,512191,Fakhar Zaman,0,4,0,0,2,False,0,0,0,0,0,3,6,1,False,,False,False,9.85,0,14,0,0,0,1,1,0,23
run,7,Pakistan,3,South Africa,1st innings,1,"back of a length, cramping Fakhar. Mistimes a whip to the leg side, and they sneak across for a single","Morris to Fakhar Zaman, 1 run",24/0,439952,Chris Morris,0,3,0,0.3,6,545467,Junior Dala,0,6,0,1.0,17,512191,Fakhar Zaman,1,5,0,0,348144,Babar Azam,23,10,5,0,3,False,0,0,0,0,0,3,6,1,False,,False,False,9.6,0,15,0,0,0,1,1,0,24
out,7,Pakistan,3,South Africa,1st innings,0,"length ball, wide outside off, and Babar can't help himself. Tries to smoke a cut through the off-side, but he's toe-ended the shot, and <b>point dives to his right</b> to take a smart catch","Morris to Babar Azam, OUT",24/1,439952,Chris Morris,0,4,1,0.4,6,545467,Junior Dala,0,6,0,1.0,17,348144,Babar Azam,23,11,5,0,512191,Fakhar Zaman,1,5,0,0,4,False,0,0,0,0,0,3,6,1,True,caught,False,Babar Azam c Malan b Morris 23 (10m 11b 5x4 0x6) SR: 209.09,9.0,0,16,0,1,0,1,1,0,24
no run,7,Pakistan,3,South Africa,1st innings,0,"full and wide outside off, and the outswinger is driven to backward point","Morris to Mohammad Rizwan, no run",24/1,439952,Chris Morris,0,5,1,0.5,6,545467,Junior Dala,0,6,0,1.0,17,323389,Mohammad Rizwan,0,1,0,0,512191,Fakhar Zaman,1,5,0,0,5,False,0,0,0,0,0,3,6,1,False,,False,False,8.47,0,17,0,1,0,1,1,0,24
no run,7,Pakistan,3,South Africa,1st innings,0,"full outside off, and driven with the bat's open face. Well struck, but finds the fielder at cover","Morris to Mohammad Rizwan, no run",24/1,439952,Chris Morris,0,6,1,1.0,6,545467,Junior Dala,0,6,0,1.0,17,323389,Mohammad Rizwan,0,2,0,0,512191,Fakhar Zaman,1,5,0,0,6,True,0,0,0,0,0,3,6,1,False,,False,False,8.0,0,18,0,1,0,1,1,0,24
four,7,Pakistan,3,South Africa,1st innings,4,"back of a length on leg stump, and he tucks this fine past the keeper's left for four! Gloves it, replays suggest","Sipamla to Fakhar Zaman, FOUR runs",28/1,698143,Lutho Sipamla,0,1,0,0.1,4,439952,Chris Morris,0,6,1,1.0,6,512191,Fakhar Zaman,5,6,1,0,323389,Mohammad Rizwan,0,2,0,0,1,False,0,0,0,0,0,4,21,0,False,,False,False,8.84,0,19,0,1,0,1,1,0,28
no run,7,Pakistan,3,South Africa,1st innings,0,"length ball on leg stump, and he defends with soft hands off the back foot","Sipamla to Fakhar Zaman, no run",28/1,698143,Lutho Sipamla,0,2,0,0.2,4,439952,Chris Morris,0,6,1,1.0,6,512191,Fakhar Zaman,5,7,1,0,323389,Mohammad Rizwan,0,2,0,0,2,False,0,0,0,0,0,4,21,0,False,,False,False,8.4,0,20,0,1,0,1,1,0,28
six,7,Pakistan,3,South Africa,1st innings,6,"<b>smoked!</b> Length ball, not fast enough (130kph) and he swivels to smack a pull over deep midwicket! Into the crowd","Sipamla to Fakhar Zaman, SIX runs",34/1,698143,Lutho Sipamla,0,3,0,0.3,10,439952,Chris Morris,0,6,1,1.0,6,512191,Fakhar Zaman,11,8,1,1,323389,Mohammad Rizwan,0,2,0,0,3,False,0,0,0,0,0,4,21,0,False,,False,False,9.71,0,21,0,1,0,1,1,0,34
wide,7,Pakistan,3,South Africa,1st innings,1,"length ball, but again outside leg stump. Fakhar swivels to pull once more, but misses","Sipamla to Fakhar Zaman, 1 wide",35/1,698143,Lutho Sipamla,0,3,0,0.3,11,439952,Chris Morris,0,6,1,1.0,6,512191,Fakhar Zaman,11,8,1,1,323389,Mohammad Rizwan,0,2,0,0,4,False,0,0,1,0,0,4,21,0,False,,False,False,10.0,0,21,0,1,0,1,1,1,35
four,7,Pakistan,3,South Africa,1st innings,4,"length ball on middle, and Fakhar waits for that to get to him, before pulling behind square - past the square-leg umpire - for another leg-side boundary","Sipamla to Fakhar Zaman, FOUR runs",39/1,698143,Lutho Sipamla,0,4,0,0.4,15,439952,Chris Morris,0,6,1,1.0,6,512191,Fakhar Zaman,15,9,2,1,323389,Mohammad Rizwan,0,2,0,0,5,False,0,0,0,0,0,4,21,0,False,,False,False,10.63,0,22,0,1,0,1,1,0,39
leg bye,7,Pakistan,3,South Africa,1st innings,4,"slightly fuller, but still pretty short. Fakhar looks to muscle a shot over square leg, but the ball hits his thigh-guard and rolls past the man at short fine leg!","Sipamla to Fakhar Zaman, 4 leg byes",43/1,698143,Lutho Sipamla,0,5,0,0.5,15,439952,Chris Morris,0,6,1,1.0,6,512191,Fakhar Zaman,15,10,2,1,323389,Mohammad Rizwan,0,2,0,0,6,False,0,0,0,0,4,4,21,0,False,,False,False,11.21,0,23,0,1,4,1,1,0,43
run,7,Pakistan,3,South Africa,1st innings,2,"length ball on leg, and worked off his hips to deep midwicket. Rassie runs across from deep square leg to cut the ball off. Another skyscraper of an over from Pakistan","Sipamla to Fakhar Zaman, 2 runs",45/1,698143,Lutho Sipamla,0,6,0,1.0,17,439952,Chris Morris,0,6,1,1.0,6,512191,Fakhar Zaman,17,11,2,1,323389,Mohammad Rizwan,0,2,0,0,7,True,0,0,0,0,0,4,21,0,False,,False,False,11.25,0,24,0,1,0,1,1,0,45
no run,7,Pakistan,3,South Africa,1st innings,0,"length ball on off, and extra bounce hits Rizwan near the bat's top half. Looked to drive, but didn't account for the extra lift","Morris to Mohammad Rizwan, no run",45/1,439952,Chris Morris,0,7,1,1.1,6,698143,Lutho Sipamla,0,6,0,1.0,17,323389,Mohammad Rizwan,0,3,0,0,512191,Fakhar Zaman,17,11,2,1,1,False,0,0,0,0,0,5,1,0,False,,False,False,10.8,0,25,0,1,0,1,1,0,45
run,7,Pakistan,3,South Africa,1st innings,1,"length ball on middle, and angling into his body. Nurdled off his waist to the fielder at square leg for a quick single","Morris to Mohammad Rizwan, 1 run",46/1,439952,Chris Morris,0,8,1,1.2,7,698143,Lutho Sipamla,0,6,0,1.0,17,323389,Mohammad Rizwan,1,4,0,0,512191,Fakhar Zaman,17,11,2,1,2,False,0,0,0,0,0,5,1,0,False,,False,False,10.61,0,26,0,1,0,1,1,0,46
no run,7,Pakistan,3,South Africa,1st innings,0,"full on middle, and the inswinger is muscled towards the leg side. Hits the bat's inside half and rolls away to short fine leg","Morris to Fakhar Zaman, no run",46/1,439952,Chris Morris,0,9,1,1.3,7,698143,Lutho Sipamla,0,6,0,1.0,17,512191,Fakhar Zaman,17,12,2,1,323389,Mohammad Rizwan,1,4,0,0,3,False,0,0,0,0,0,5,1,0,False,,False,False,10.22,0,27,0,1,0,1,1,0,46
no run,7,Pakistan,3,South Africa,1st innings,0,"length ball on middle, and angling away from Fakhar. Shapes up to cut, but can't beat the infield","Morris to Fakhar Zaman, no run",46/1,439952,Chris Morris,0,10,1,1.4,7,698143,Lutho Sipamla,0,6,0,1.0,17,512191,Fakhar Zaman,17,13,2,1,323389,Mohammad Rizwan,1,4,0,0,4,False,0,0,0,0,0,5,1,0,False,,False,False,9.85,0,28,0,1,0,1,1,0,46
no run,7,Pakistan,3,South Africa,1st innings,0,"back of a length on leg stump, and he tries to pull but misses. The ball hits his body and rolls away to short fine leg","Morris to Fakhar Zaman, no run",46/1,439952,Chris Morris,0,11,1,1.5,7,698143,Lutho Sipamla,0,6,0,1.0,17,512191,Fakhar Zaman,17,14,2,1,323389,Mohammad Rizwan,1,4,0,0,5,False,0,0,0,0,0,5,1,0,False,,False,False,9.51,0,29,0,1,0,1,1,0,46
no run,7,Pakistan,3,South Africa,1st innings,0,"full on middle, and angling away from Fakhar. But he had backed away to make some extra room anyway, and therefore the ball is too far from him. Through to the keeper","Morris to Fakhar Zaman, no run",46/1,439952,Chris Morris,0,12,1,2.0,7,698143,Lutho Sipamla,0,6,0,1.0,17,512191,Fakhar Zaman,17,15,2,1,323389,Mohammad Rizwan,1,4,0,0,6,True,0,0,0,0,0,5,1,0,False,,False,False,9.2,0,30,0,1,0,1,1,0,46
no run,7,Pakistan,3,South Africa,1st innings,0,"length ball, wide outside off, and he tries to smoke a cut shot behind square. Mistimed to point","BE Hendricks to Mohammad Rizwan, no run",46/1,379927,Beuran Hendricks,0,7,0,1.1,1,439952,Chris Morris,0,12,1,2.0,7,323389,Mohammad Rizwan,1,5,0,0,512191,Fakhar Zaman,17,15,2,1,1,False,0,0,0,0,0,6,4,1,False,,False,False,8.9,0,31,0,1,0,1,1,0,46
run,7,Pakistan,3,South Africa,1st innings,1,"back of a length on off, and he rides the bounce to bunt a defensive shot to cover. They scamper across for one","BE Hendricks to Mohammad Rizwan, 1 run",47/1,379927,Beuran Hendricks,0,8,0,1.2,2,439952,Chris Morris,0,12,1,2.0,7,323389,Mohammad Rizwan,2,6,0,0,512191,Fakhar Zaman,17,15,2,1,2,False,0,0,0,0,0,6,4,1,False,,False,False,8.81,0,32,0,1,0,1,1,0,47
no run,7,Pakistan,3,South Africa,1st innings,0,"full on middle, and drilled down the ground - past the non-striker - to mid on","BE Hendricks to Fakhar Zaman, no run",47/1,379927,Beuran Hendricks,0,9,0,1.3,2,439952,Chris Morris,0,12,1,2.0,7,512191,Fakhar Zaman,17,16,2,1,323389,Mohammad Rizwan,2,6,0,0,3,False,0,0,0,0,0,6,4,1,False,,False,False,8.54,0,33,0,1,0,1,1,0,47
out,7,Pakistan,3,South Africa,1st innings,0,"full and wide outside off, but Fakhar tries to smack this over cover. Walks down the ground to smash a six, but he's lost his balance, and the shot has been sliced to third man. Shamsi gets under the ball and times his dive well to take a catch falling forward","BE Hendricks to Fakhar Zaman, OUT",47/2,379927,Beuran Hendricks,0,10,1,1.4,2,439952,Chris Morris,0,12,1,2.0,7,512191,Fakhar Zaman,17,17,2,1,323389,Mohammad Rizwan,2,6,0,0,4,False,0,0,0,0,0,6,4,1,True,caught,False,Fakhar Zaman c Shamsi b BE Hendricks 17 (25m 17b 2x4 1x6) SR: 100.00,8.29,0,34,0,2,0,1,1,0,47
run,7,Pakistan,3,South Africa,1st innings,1,"back of a length outside off, but coming inwards. Too close to his body for the cut, and he mistimes it to deep point","BE Hendricks to Mohammad Rizwan, 1 run",48/2,379927,Beuran Hendricks,0,11,1,1.5,3,439952,Chris Morris,0,12,1,2.0,7,323389,Mohammad Rizwan,3,7,0,0,42657,Shoaib Malik,0,0,0,0,5,False,0,0,0,0,0,6,4,1,False,,False,False,8.22,0,35,0,2,0,1,1,0,48
run,7,Pakistan,3,South Africa,1st innings,2,"length ball on middle, and worked off his hips to square leg with ease. Calls for the second run, and they scamper across for the double","BE Hendricks to Shoaib Malik, 2 runs",50/2,379927,Beuran Hendricks,0,12,1,2.0,5,439952,Chris Morris,0,12,1,2.0,7,42657,Shoaib Malik,2,1,0,0,323389,Mohammad Rizwan,3,7,0,0,6,True,0,0,0,0,0,6,4,1,False,,False,False,8.33,0,36,0,2,0,1,1,0,50
run,7,Pakistan,3,South Africa,1st innings,1,"length ball, outside off, and he starts off with a slower ball. He's through the punch-shot too early, and the ball takes the outside edge to third man","Phehlukwayo to Mohammad Rizwan, 1 run",51/2,540316,Andile Phehlukwayo,0,1,0,0.1,1,379927,Beuran Hendricks,0,12,1,2.0,5,323389,Mohammad Rizwan,4,8,0,0,42657,Shoaib Malik,2,1,0,0,1,False,0,0,0,0,0,7,6,0,False,,False,False,8.27,0,37,0,2,0,1,1,0,51
run,7,Pakistan,3,South Africa,1st innings,1,"short ball, wide outside off, and he slaps a cut to the sweeper-fielder on the off side","Phehlukwayo to Shoaib Malik, 1 run",52/2,540316,Andile Phehlukwayo,0,2,0,0.2,2,379927,Beuran Hendricks,0,12,1,2.0,5,42657,Shoaib Malik,3,2,0,0,323389,Mohammad Rizwan,4,8,0,0,2,False,0,0,0,0,0,7,6,0,False,,False,False,8.21,0,38,0,2,0,1,1,0,52
run,7,Pakistan,3,South Africa,1st innings,1,"full on middle, and driven with soft hands to mid on. They pinch another quick single","Phehlukwayo to Mohammad Rizwan, 1 run",53/2,540316,Andile Phehlukwayo,0,3,0,0.3,3,379927,Beuran Hendricks,0,12,1,2.0,5,323389,Mohammad Rizwan,5,9,0,0,42657,Shoaib Malik,3,2,0,0,3,False,0,0,0,0,0,7,6,0,False,,False,False,8.15,0,39,0,2,0,1,1,0,53
run,7,Pakistan,3,South Africa,1st innings,1,"good length, wide outside off, and the late cut goes to third man for a walking single","Phehlukwayo to Shoaib Malik, 1 run",54/2,540316,Andile Phehlukwayo,0,4,0,0.4,4,379927,Beuran Hendricks,0,12,1,2.0,5,42657,Shoaib Malik,4,3,0,0,323389,Mohammad Rizwan,5,9,0,0,4,False,0,0,0,0,0,7,6,0,False,,False,False,8.1,0,40,0,2,0,1,1,0,54
run,7,Pakistan,3,South Africa,1st innings,1,"length ball on middle, and defended down the ground to mid-on. They jog across for another single","Phehlukwayo to Mohammad Rizwan, 1 run",55/2,540316,Andile Phehlukwayo,0,5,0,0.5,5,379927,Beuran Hendricks,0,12,1,2.0,5,323389,Mohammad Rizwan,6,10,0,0,42657,Shoaib Malik,4,3,0,0,5,False,0,0,0,0,0,7,6,0,False,,False,False,8.04,0,41,0,2,0,1,1,0,55
run,7,Pakistan,3,South Africa,1st innings,1,"full, slightly wide outside off, and tapped with soft hands behind square. Ball rolls away to third man on this occasion","Phehlukwayo to Shoaib Malik, 1 run",56/2,540316,Andile Phehlukwayo,0,6,0,1.0,6,379927,Beuran Hendricks,0,12,1,2.0,5,42657,Shoaib Malik,5,4,0,0,323389,Mohammad Rizwan,6,10,0,0,6,True,0,0,0,0,0,7,6,0,False,,False,False,8.0,0,42,0,2,0,1,1,0,56
run,7,Pakistan,3,South Africa,1st innings,1,"full on middle, and turning into leg stump. Clipped into the vacant midwicket region","Shamsi to Shoaib Malik, 1 run",57/2,379145,Tabraiz Shamsi,0,1,0,0.1,1,540316,Andile Phehlukwayo,0,6,0,1.0,6,42657,Shoaib Malik,6,5,0,0,323389,Mohammad Rizwan,6,10,0,0,1,False,0,0,0,0,0,8,12,0,False,,False,False,7.95,0,43,0,2,0,1,1,0,57
four,7,Pakistan,3,South Africa,1st innings,4,"full on leg stump, and <b>slog swept</b> behind square! No chance for the fielder at deep backward square. Gets to the pitch of the ball, and muscles the dragged shot","Shamsi to Mohammad Rizwan, FOUR runs",61/2,379145,Tabraiz Shamsi,0,2,0,0.2,5,540316,Andile Phehlukwayo,0,6,0,1.0,6,323389,Mohammad Rizwan,10,11,1,0,42657,Shoaib Malik,6,5,0,0,2,False,0,0,0,0,0,8,12,0,False,,False,False,8.31,0,44,0,2,0,1,1,0,61
four,7,Pakistan,3,South Africa,1st innings,4,"full on leg, and swept again! Past short fine leg, and the fielder in the deep has absolutely no chance","Shamsi to Mohammad Rizwan, FOUR runs",65/2,379145,Tabraiz Shamsi,0,3,0,0.3,9,540316,Andile Phehlukwayo,0,6,0,1.0,6,323389,Mohammad Rizwan,14,12,2,0,42657,Shoaib Malik,6,5,0,0,3,False,0,0,0,0,0,8,12,0,False,,False,False,8.66,0,45,0,2,0,1,1,0,65
run,7,Pakistan,3,South Africa,1st innings,1,"tossed up, wide outside off, and he shovels a cover drive to Rassie in the deep","Shamsi to Mohammad Rizwan, 1 run",66/2,379145,Tabraiz Shamsi,0,4,0,0.4,10,540316,Andile Phehlukwayo,0,6,0,1.0,6,323389,Mohammad Rizwan,15,13,2,0,42657,Shoaib Malik,6,5,0,0,4,False,0,0,0,0,0,8,12,0,False,,False,False,8.6,0,46,0,2,0,1,1,0,66
run,7,Pakistan,3,South Africa,1st innings,1,"length ball on leg, and turning into his pads further. Nudged - off the back foot - to Simapla at deep midwicket","Shamsi to Shoaib Malik, 1 run",67/2,379145,Tabraiz Shamsi,0,5,0,0.5,11,540316,Andile Phehlukwayo,0,6,0,1.0,6,42657,Shoaib Malik,7,6,0,0,323389,Mohammad Rizwan,15,13,2,0,5,False,0,0,0,0,0,8,12,0,False,,False,False,8.55,0,47,0,2,0,1,1,0,67
run,7,Pakistan,3,South Africa,1st innings,1,"full on middle, and he curls a tapped shot to square leg with the bat's closed face. They go across to pinch a single","Shamsi to Mohammad Rizwan, 1 run",68/2,379145,Tabraiz Shamsi,0,6,0,1.0,12,540316,Andile Phehlukwayo,0,6,0,1.0,6,323389,Mohammad Rizwan,16,14,2,0,42657,Shoaib Malik,7,6,0,0,6,True,0,0,0,0,0,8,12,0,False,,False,False,8.5,0,48,0,2,0,1,1,0,68
run,7,Pakistan,3,South Africa,1st innings,1,"length ball, just wide outside off stump, and punched off the back foot to deep extra cover","Dala to Mohammad Rizwan, 1 run",69/2,545467,Junior Dala,0,7,0,1.1,18,379145,Tabraiz Shamsi,0,6,0,1.0,12,323389,Mohammad Rizwan,17,15,2,0,42657,Shoaib Malik,7,6,0,0,1,False,0,0,0,0,0,9,10,0,False,,False,False,8.44,0,49,0,2,0,1,1,0,69
wide,7,Pakistan,3,South Africa,1st innings,1,"length ball, too wide outside off, and Shoaib tries to smoke a cut. He misses though, but the umpire reckons it was too wide","Dala to Shoaib Malik, 1 wide",70/2,545467,Junior Dala,0,7,0,1.1,19,379145,Tabraiz Shamsi,0,6,0,1.0,12,42657,Shoaib Malik,7,6,0,0,323389,Mohammad Rizwan,17,15,2,0,2,False,0,0,1,0,0,9,10,0,False,,False,False,8.57,0,49,0,2,0,1,1,1,70
no run,7,Pakistan,3,South Africa,1st innings,0,"length ball, just wide outside off, and he tries to steer a late cut to third man. Can't make the connection as the ball goes through to Klaasen","Dala to Shoaib Malik, no run",70/2,545467,Junior Dala,0,8,0,1.2,19,379145,Tabraiz Shamsi,0,6,0,1.0,12,42657,Shoaib Malik,7,7,0,0,323389,Mohammad Rizwan,17,15,2,0,3,False,0,0,0,0,0,9,10,0,False,,False,False,8.4,0,50,0,2,0,1,1,0,70
four,7,Pakistan,3,South Africa,1st innings,4,"full and wide outside off, and <b>lifted over</b> cover point! Clears the infield, and beats Hendricks at deep cover too","Dala to Shoaib Malik, FOUR runs",74/2,545467,Junior Dala,0,9,0,1.3,23,379145,Tabraiz Shamsi,0,6,0,1.0,12,42657,Shoaib Malik,11,8,1,0,323389,Mohammad Rizwan,17,15,2,0,4,False,0,0,0,0,0,9,10,0,False,,False,False,8.7,0,51,0,2,0,1,1,0,74
no run,7,Pakistan,3,South Africa,1st innings,0,"full ball, wide outside off stump. He tries to check-drive, but plays inside the delivery's line. Through to the keeper again","Dala to Shoaib Malik, no run",74/2,545467,Junior Dala,0,10,0,1.4,23,379145,Tabraiz Shamsi,0,6,0,1.0,12,42657,Shoaib Malik,11,9,1,0,323389,Mohammad Rizwan,17,15,2,0,5,False,0,0,0,0,0,9,10,0,False,,False,False,8.53,0,52,0,2,0,1,1,0,74
four,7,Pakistan,3,South Africa,1st innings,4,"length ball, wide outside off stump, and he punches off the front foot through the covers! Leans into the drive, and times it beautifully for four","Dala to Shoaib Malik, FOUR runs",78/2,545467,Junior Dala,0,11,0,1.5,27,379145,Tabraiz Shamsi,0,6,0,1.0,12,42657,Shoaib Malik,15,10,2,0,323389,Mohammad Rizwan,17,15,2,0,6,False,0,0,0,0,0,9,10,0,False,,False,False,8.83,0,53,0,2,0,1,1,0,78
no run,7,Pakistan,3,South Africa,1st innings,0,"length ball, just wide outside off, and he cuts the shot to point","Dala to Shoaib Malik, no run",78/2,545467,Junior Dala,0,12,0,2.0,27,379145,Tabraiz Shamsi,0,6,0,1.0,12,42657,Shoaib Malik,15,11,2,0,323389,Mohammad Rizwan,17,15,2,0,7,True,0,0,0,0,0,9,10,0,False,,False,False,8.66,0,54,0,2,0,1,1,0,78
run,7,Pakistan,3,South Africa,1st innings,1,"length ball on leg stump, and skidding through. Rizwan skips down the ground, but checks his shot towards cover in the end","Shamsi to Mohammad Rizwan, 1 run",79/2,379145,Tabraiz Shamsi,0,7,0,1.1,13,545467,Junior Dala,0,12,0,2.0,27,323389,Mohammad Rizwan,18,16,2,0,42657,Shoaib Malik,15,11,2,0,1,False,0,0,0,0,0,10,5,0,False,,False,False,8.61,0,55,0,2,0,1,1,0,79
run,7,Pakistan,3,South Africa,1st innings,1,"full outside off, and he drags a straight drive down to long on for a walking single","Shamsi to Shoaib Malik, 1 run",80/2,379145,Tabraiz Shamsi,0,8,0,1.2,14,545467,Junior Dala,0,12,0,2.0,27,42657,Shoaib Malik,16,12,2,0,323389,Mohammad Rizwan,18,16,2,0,2,False,0,0,0,0,0,10,5,0,False,,False,False,8.57,0,56,0,2,0,1,1,0,80
run,7,Pakistan,3,South Africa,1st innings,1,"full on leg stump, and turning inwards. He mistimes a shot to the leg side","Shamsi to Mohammad Rizwan, 1 run",81/2,379145,Tabraiz Shamsi,0,9,0,1.3,15,545467,Junior Dala,0,12,0,2.0,27,323389,Mohammad Rizwan,19,17,2,0,42657,Shoaib Malik,16,12,2,0,3,False,0,0,0,0,0,10,5,0,False,,False,False,8.52,0,57,0,2,0,1,1,0,81
run,7,Pakistan,3,South Africa,1st innings,1,"length ball outside leg, but the wrong'un turns into middle stump. Tapped off the back foot to the vacant area near square-leg again","Shamsi to Shoaib Malik, 1 run",82/2,379145,Tabraiz Shamsi,0,10,0,1.4,16,545467,Junior Dala,0,12,0,2.0,27,42657,Shoaib Malik,17,13,2,0,323389,Mohammad Rizwan,19,17,2,0,4,False,0,0,0,0,0,10,5,0,False,,False,False,8.48,0,58,0,2,0,1,1,0,82
run,7,Pakistan,3,South Africa,1st innings,1,"full on middle, slightly flatter, and he hammers a sweep to the fielder near the boundary for that very shot","Shamsi to Mohammad Rizwan, 1 run",83/2,379145,Tabraiz Shamsi,0,11,0,1.5,17,545467,Junior Dala,0,12,0,2.0,27,323389,Mohammad Rizwan,20,18,2,0,42657,Shoaib Malik,17,13,2,0,5,False,0,0,0,0,0,10,5,0,False,,False,False,8.44,0,59,0,2,0,1,1,0,83
no run,7,Pakistan,3,South Africa,1st innings,0,"full, and slow. Lands just outside off, and Shoaib tries to defend. Inside-edged right onto his body","Shamsi to Shoaib Malik, no run",83/2,379145,Tabraiz Shamsi,0,12,0,2.0,17,545467,Junior Dala,0,12,0,2.0,27,42657,Shoaib Malik,17,14,2,0,323389,Mohammad Rizwan,20,18,2,0,6,True,0,0,0,0,0,10,5,0,False,,False,False,8.3,0,60,0,2,0,1,1,0,83
no run,7,Pakistan,3,South Africa,1st innings,0,"he starts with a length ball that rises outside off stump, Rizwan driving on the up into the covers without great timing","Sipamla to Mohammad Rizwan, no run",83/2,698143,Lutho Sipamla,0,7,0,1.1,17,379145,Tabraiz Shamsi,0,12,0,2.0,17,323389,Mohammad Rizwan,20,19,2,0,42657,Shoaib Malik,17,14,2,0,1,False,0,0,0,0,0,11,8,1,False,,False,False,8.16,0,61,0,2,0,1,1,0,83
run,7,Pakistan,3,South Africa,1st innings,2,"full, wide and Rizwan flings his arms through a cracking drive. Fortunately for Sipamla, he's got a sweeper on the boundary so it's just the two ... and in fact a better throw back to the keeper might have seen Rizwan struggling to make his ground","Sipamla to Mohammad Rizwan, 2 runs",85/2,698143,Lutho Sipamla,0,8,0,1.2,19,379145,Tabraiz Shamsi,0,12,0,2.0,17,323389,Mohammad Rizwan,22,20,2,0,42657,Shoaib Malik,17,14,2,0,2,False,0,0,0,0,0,11,8,1,False,,False,False,8.22,0,62,0,2,0,1,1,0,85
four,7,Pakistan,3,South Africa,1st innings,4,"fetched into the leg side, where Morris and Shamsi make a complete kerfuffle of the fielding effort. Shamsi was running around from fine leg, Morris from deep square, and each left it to the other to stop the ball. In the end, neither did","Sipamla to Mohammad Rizwan, FOUR runs",89/2,698143,Lutho Sipamla,0,9,0,1.3,23,379145,Tabraiz Shamsi,0,12,0,2.0,17,323389,Mohammad Rizwan,26,21,3,0,42657,Shoaib Malik,17,14,2,0,3,False,0,0,0,0,0,11,8,1,False,,False,False,8.47,0,63,0,2,0,1,1,0,89
out,7,Pakistan,3,South Africa,1st innings,0,"<b>a maiden international wicket for Lutho Sipamla!</b> After the fumble off the previous ball, Dala at deep cover has held a good catch. Sipamla pitched the ball up around off stump and Rizwan took on the man on the boundary with a lofted stroke, but he couldn't get it past him","Sipamla to Mohammad Rizwan, OUT",89/3,698143,Lutho Sipamla,0,10,1,1.4,23,379145,Tabraiz Shamsi,0,12,0,2.0,17,323389,Mohammad Rizwan,26,22,3,0,42657,Shoaib Malik,17,14,2,0,4,False,0,0,0,0,0,11,8,1,True,caught,False,Mohammad Rizwan c Dala b Sipamla 26 (37m 22b 3x4 0x6) SR: 118.18,8.34,0,64,0,3,0,1,1,0,89
run,7,Pakistan,3,South Africa,1st innings,1,"what's going on out there? Malik was slightly squared up by a length delivery that he tapped back to the bowler, who fumbled his take. Rizwan spotted the chance for a quick single, and they hustled through before the bowler could recover","Sipamla to Shoaib Malik, 1 run",90/3,698143,Lutho Sipamla,0,11,1,1.5,24,379145,Tabraiz Shamsi,0,12,0,2.0,17,42657,Shoaib Malik,18,15,2,0,628240,Hussain Talat,0,0,0,0,5,False,0,0,0,0,0,11,8,1,False,,False,False,8.3,0,65,0,3,0,1,1,0,90
run,7,Pakistan,3,South Africa,1st innings,1,"tapped just behind point, and Talat is off the mark straight away","Sipamla to Hussain Talat, 1 run",91/3,698143,Lutho Sipamla,0,12,1,2.0,25,379145,Tabraiz Shamsi,0,12,0,2.0,17,628240,Hussain Talat,1,1,0,0,42657,Shoaib Malik,18,15,2,0,6,True,0,0,0,0,0,11,8,1,False,,False,False,8.27,0,66,0,3,0,1,1,0,91
run,7,Pakistan,3,South Africa,1st innings,1,"speared in at middle and leg, Talat whipping across his front pad to find a single to short fine","Shamsi to Hussain Talat, 1 run",92/3,379145,Tabraiz Shamsi,0,13,0,2.1,18,698143,Lutho Sipamla,0,12,1,2.0,25,628240,Hussain Talat,2,2,0,0,42657,Shoaib Malik,18,15,2,0,1,False,0,0,0,0,0,12,3,1,False,,False,False,8.23,0,67,0,3,0,1,1,0,92
out,7,Pakistan,3,South Africa,1st innings,0,"<b>chaotic running has brought a run out!</b> But who is out? Malik flicked to short fine leg and wanted a single, but Talat didn't. After a bit of yes-no mid-pitch, both men end up at the non-striker's end. Have they crossed? There's a lengthy delay as the TV umpire checks to see which batsman should be ruled out. Malik and Talat are neck and neck as they both head to the non-striker's end when the bails come off. This is a really tight call. <b>After an interminable delay of approximately four minutes, Malik is finally given out</b> as he was marginally behind Talat when the wicket fell.","Shamsi to Shoaib Malik, OUT",92/4,379145,Tabraiz Shamsi,0,14,0,2.2,18,698143,Lutho Sipamla,0,12,1,2.0,25,42657,Shoaib Malik,18,16,2,0,628240,Hussain Talat,2,2,0,0,2,False,0,0,0,0,0,12,3,1,True,run out,False,Shoaib Malik run out (Phehlukwayo/&dagger;Klaasen) 18 (33m 16b 2x4 0x6) SR: 112.50,8.11,0,68,0,4,0,1,1,0,92
run,7,Pakistan,3,South Africa,1st innings,1,"eventually some cricket breaks out in the middle, and Asif flicks the first ball he faces through square leg for one. Just a touch too short from Shamsi","Shamsi to Asif Ali, 1 run",93/4,379145,Tabraiz Shamsi,0,15,0,2.3,19,698143,Lutho Sipamla,0,12,1,2.0,25,494230,Asif Ali,1,1,0,0,628240,Hussain Talat,2,2,0,0,3,False,0,0,0,0,0,12,3,1,False,,False,False,8.08,0,69,0,4,0,1,1,0,93
run,7,Pakistan,3,South Africa,1st innings,1,"full this time, on middle and off, and Talat nudges against the spin to find a single through midwicket","Shamsi to Hussain Talat, 1 run",94/4,379145,Tabraiz Shamsi,0,16,0,2.4,20,698143,Lutho Sipamla,0,12,1,2.0,25,628240,Hussain Talat,3,3,0,0,494230,Asif Ali,1,1,0,0,4,False,0,0,0,0,0,12,3,1,False,,False,False,8.05,0,70,0,4,0,1,1,0,94
no run,7,Pakistan,3,South Africa,1st innings,0,"<b>googly from Shamsi</b> and it's not picked by Asif, who plays inside and is beaten","Shamsi to Asif Ali, no run",94/4,379145,Tabraiz Shamsi,0,17,0,2.5,20,698143,Lutho Sipamla,0,12,1,2.0,25,494230,Asif Ali,1,2,0,0,628240,Hussain Talat,3,3,0,0,5,False,0,0,0,0,0,12,3,1,False,,False,False,7.94,0,71,0,4,0,1,1,0,94
no run,7,Pakistan,3,South Africa,1st innings,0,"very full to finish, right at the batsman's toes, and Asif digs it out back to the bowler","Shamsi to Asif Ali, no run",94/4,379145,Tabraiz Shamsi,0,18,0,3.0,20,698143,Lutho Sipamla,0,12,1,2.0,25,494230,Asif Ali,1,3,0,0,628240,Hussain Talat,3,3,0,0,6,True,0,0,0,0,0,12,3,1,False,,False,False,7.83,0,72,0,4,0,1,1,0,94
out,7,Pakistan,3,South Africa,1st innings,0,"<b>Phehlukwayo returns and strikes straight away!</b> Talat's not having the best day out there, having seen off his captain he backs away and edges a hack at Phehlukwayo to be caught behind","Phehlukwayo to Hussain Talat, OUT",94/5,540316,Andile Phehlukwayo,0,7,1,1.1,6,379145,Tabraiz Shamsi,0,18,0,3.0,20,628240,Hussain Talat,3,4,0,0,494230,Asif Ali,1,3,0,0,1,False,0,0,0,0,0,13,7,1,True,caught,False,Hussain Talat c &dagger;Klaasen b Phehlukwayo 3 (14m 4b 0x4 0x6) SR: 75.00,7.72,0,73,0,5,0,1,1,0,94
run,7,Pakistan,3,South Africa,1st innings,1,"Phehlukwayo aims full and straight from around the wicket, and Imad is off the mark with a nudge through the leg side","Phehlukwayo to Imad Wasim, 1 run",95/5,540316,Andile Phehlukwayo,0,8,1,1.2,7,379145,Tabraiz Shamsi,0,18,0,3.0,20,227758,Imad Wasim,1,1,0,0,494230,Asif Ali,1,3,0,0,2,False,0,0,0,0,0,13,7,1,False,,False,False,7.7,0,74,0,5,0,1,1,0,95
run,7,Pakistan,3,South Africa,1st innings,1,"just short of a good length and cutting back in to the batsman off the track, Asif hopping at the crease and working a single square on the leg side","Phehlukwayo to Asif Ali, 1 run",96/5,540316,Andile Phehlukwayo,0,9,1,1.3,8,379145,Tabraiz Shamsi,0,18,0,3.0,20,494230,Asif Ali,2,4,0,0,227758,Imad Wasim,1,1,0,0,3,False,0,0,0,0,0,13,7,1,False,,False,False,7.68,0,75,0,5,0,1,1,0,96
run,7,Pakistan,3,South Africa,1st innings,1,"Imad stays deep in the crease to work with the angle as Phehlukwayo stays around the wicket to him, collecting one to fine leg","Phehlukwayo to Imad Wasim, 1 run",97/5,540316,Andile Phehlukwayo,0,10,1,1.4,9,379145,Tabraiz Shamsi,0,18,0,3.0,20,227758,Imad Wasim,2,2,0,0,494230,Asif Ali,2,4,0,0,4,False,0,0,0,0,0,13,7,1,False,,False,False,7.65,0,76,0,5,0,1,1,0,97
wide,7,Pakistan,3,South Africa,1st innings,1,"Phehlukwayo bends his back on one, digging the ball in short, but his line goes awry and the ball shoots down the leg side","Phehlukwayo to Asif Ali, 1 wide",98/5,540316,Andile Phehlukwayo,0,10,1,1.4,10,379145,Tabraiz Shamsi,0,18,0,3.0,20,494230,Asif Ali,2,4,0,0,227758,Imad Wasim,2,2,0,0,5,False,0,0,1,0,0,13,7,1,False,,False,False,7.73,0,76,0,5,0,1,1,1,98
wide,7,Pakistan,3,South Africa,1st innings,1,"another wide, but this one's for height as Phehlukwayo aims for another bouncer but bangs the ball in almost at his own feet, the ball ballooning way over Asif","Phehlukwayo to Asif Ali, 1 wide",99/5,540316,Andile Phehlukwayo,0,10,1,1.4,11,379145,Tabraiz Shamsi,0,18,0,3.0,20,494230,Asif Ali,2,4,0,0,227758,Imad Wasim,2,2,0,0,6,False,0,0,1,0,0,13,7,1,False,,False,False,7.81,0,76,0,5,0,1,1,1,99
run,7,Pakistan,3,South Africa,1st innings,1,Asif aims a whippy pull out to deep square to <b>raise the team hundred</b>,"Phehlukwayo to Asif Ali, 1 run",100/5,540316,Andile Phehlukwayo,0,11,1,1.5,12,379145,Tabraiz Shamsi,0,18,0,3.0,20,494230,Asif Ali,3,5,0,0,227758,Imad Wasim,2,2,0,0,7,False,0,0,0,0,0,13,7,1,False,,False,False,7.79,0,77,0,5,0,1,1,0,100
run,7,Pakistan,3,South Africa,1st innings,1,"slower ball from Phehlukwayo, just 108km/h, Imad waiting and waiting for it and then angling the bat to send the ball to gully","Phehlukwayo to Imad Wasim, 1 run",101/5,540316,Andile Phehlukwayo,0,12,1,2.0,13,379145,Tabraiz Shamsi,0,18,0,3.0,20,227758,Imad Wasim,3,3,0,0,494230,Asif Ali,3,5,0,0,8,True,0,0,0,0,0,13,7,1,False,,False,False,7.76,0,78,0,5,0,1,1,0,101
run,7,Pakistan,3,South Africa,1st innings,1,"this one slips out as a low, dipping full toss, Imad glancing through midwicket","Shamsi to Imad Wasim, 1 run",102/5,379145,Tabraiz Shamsi,0,19,0,3.1,21,540316,Andile Phehlukwayo,0,12,1,2.0,13,227758,Imad Wasim,4,4,0,0,494230,Asif Ali,3,5,0,0,1,False,0,0,0,0,0,14,10,0,False,,False,False,7.74,0,79,0,5,0,1,1,0,102
six,7,Pakistan,3,South Africa,1st innings,6,"<b>clubbed way, way over long on!</b> Shamsi lobbed one up nice and full and Asif stepped out to hammer the ball straight back past him and twenty rows back into the stands","Shamsi to Asif Ali, SIX runs",108/5,379145,Tabraiz Shamsi,0,20,0,3.2,27,540316,Andile Phehlukwayo,0,12,1,2.0,13,494230,Asif Ali,9,6,0,1,227758,Imad Wasim,4,4,0,0,2,False,0,0,0,0,0,14,10,0,False,,False,False,8.1,0,80,0,5,0,1,1,0,108
run,7,Pakistan,3,South Africa,1st innings,1,"nice follow-up, Asif getting forward to press a single to cover","Shamsi to Asif Ali, 1 run",109/5,379145,Tabraiz Shamsi,0,21,0,3.3,28,540316,Andile Phehlukwayo,0,12,1,2.0,13,494230,Asif Ali,10,7,0,1,227758,Imad Wasim,4,4,0,0,3,False,0,0,0,0,0,14,10,0,False,,False,False,8.07,0,81,0,5,0,1,1,0,109
run,7,Pakistan,3,South Africa,1st innings,1,"Imad heaves the willow at a full one, the ball squirting off the inside half of the bat and down to fine leg","Shamsi to Imad Wasim, 1 run",110/5,379145,Tabraiz Shamsi,0,22,0,3.4,29,540316,Andile Phehlukwayo,0,12,1,2.0,13,227758,Imad Wasim,5,5,0,0,494230,Asif Ali,10,7,0,1,4,False,0,0,0,0,0,14,10,0,False,,False,False,8.04,0,82,0,5,0,1,1,0,110
no run,7,Pakistan,3,South Africa,1st innings,0,"tossed up wide of off and rushing straight on with the arm, Asif cutting hard at the ball but hitting only fresh air","Shamsi to Asif Ali, no run",110/5,379145,Tabraiz Shamsi,0,23,0,3.5,29,540316,Andile Phehlukwayo,0,12,1,2.0,13,494230,Asif Ali,10,8,0,1,227758,Imad Wasim,5,5,0,0,5,False,0,0,0,0,0,14,10,0,False,,False,False,7.95,0,83,0,5,0,1,1,0,110
run,7,Pakistan,3,South Africa,1st innings,1,"quicker, flatter and fuller from Shamsi, Asif digging it out to point for one","Shamsi to Asif Ali, 1 run",111/5,379145,Tabraiz Shamsi,0,24,0,4.0,30,540316,Andile Phehlukwayo,0,12,1,2.0,13,494230,Asif Ali,11,9,0,1,227758,Imad Wasim,5,5,0,0,6,True,0,0,0,0,0,14,10,0,False,,False,False,7.92,0,84,0,5,0,1,1,0,111
run,7,Pakistan,3,South Africa,1st innings,1,"Asif aims an almighty heave at Morris' first ball, which is on a length on off stump, but slices it high into the darkening evening sky ... Klaasen sprints back as the ball plummets down, but can't quite get underneath it","Morris to Asif Ali, 1 run",112/5,439952,Chris Morris,0,13,1,2.1,8,379145,Tabraiz Shamsi,0,24,0,4.0,30,494230,Asif Ali,12,10,0,1,227758,Imad Wasim,5,5,0,0,1,False,0,0,0,0,0,15,11,0,False,,False,False,7.9,0,85,0,5,0,1,1,0,112
four,7,Pakistan,3,South Africa,1st innings,4,"<b>swatted through cover!</b> Imad spots a full ball from Morris - perhaps the attempted yorker - and dances down the track to turn it into a full toss, hammering a drive out through cover","Morris to Imad Wasim, FOUR runs",116/5,439952,Chris Morris,0,14,1,2.2,12,379145,Tabraiz Shamsi,0,24,0,4.0,30,227758,Imad Wasim,9,6,1,0,494230,Asif Ali,12,10,0,1,2,False,0,0,0,0,0,15,11,0,False,,False,False,8.09,0,86,0,5,0,1,1,0,116
four,7,Pakistan,3,South Africa,1st innings,4,<b>straight back over his head!</b> Imad clears his left leg and dispatches the ball back from whence it came. Morris keeps walking in his follow through and there's plenty of heated chat between batsman and bowler,"Morris to Imad Wasim, FOUR runs",120/5,439952,Chris Morris,0,15,1,2.3,16,379145,Tabraiz Shamsi,0,24,0,4.0,30,227758,Imad Wasim,13,7,2,0,494230,Asif Ali,12,10,0,1,3,False,0,0,0,0,0,15,11,0,False,,False,False,8.27,0,87,0,5,0,1,1,0,120
no run,7,Pakistan,3,South Africa,1st innings,0,"shorter from Morris, though not quite the bouncer. Imad is up on one leg to pull, but can't beat the field","Morris to Imad Wasim, no run",120/5,439952,Chris Morris,0,16,1,2.4,16,379145,Tabraiz Shamsi,0,24,0,4.0,30,227758,Imad Wasim,13,8,2,0,494230,Asif Ali,12,10,0,1,4,False,0,0,0,0,0,15,11,0,False,,False,False,8.18,0,88,0,5,0,1,1,0,120
run,7,Pakistan,3,South Africa,1st innings,1,"slightly slower through the air from Morris, 125km/h, but Imad spots the change of pace and taps a single to cover","Morris to Imad Wasim, 1 run",121/5,439952,Chris Morris,0,17,1,2.5,17,379145,Tabraiz Shamsi,0,24,0,4.0,30,227758,Imad Wasim,14,9,2,0,494230,Asif Ali,12,10,0,1,5,False,0,0,0,0,0,15,11,0,False,,False,False,8.15,0,89,0,5,0,1,1,0,121
run,7,Pakistan,3,South Africa,1st innings,1,"fired in full and fast at the pads, and Asif whips across them to find a single through square leg","Morris to Asif Ali, 1 run",122/5,439952,Chris Morris,0,18,1,3.0,18,379145,Tabraiz Shamsi,0,24,0,4.0,30,494230,Asif Ali,13,11,0,1,227758,Imad Wasim,14,9,2,0,6,True,0,0,0,0,0,15,11,0,False,,False,False,8.13,0,90,0,5,0,1,1,0,122
run,7,Pakistan,3,South Africa,1st innings,1,"he starts around the stumps to Asif, who reads the line early and finds a single into the leg side","BE Hendricks to Asif Ali, 1 run",123/5,379927,Beuran Hendricks,0,13,1,2.1,6,439952,Chris Morris,0,18,1,3.0,18,494230,Asif Ali,14,12,0,1,227758,Imad Wasim,14,9,2,0,1,False,0,0,0,0,0,16,7,1,False,,False,False,8.1,0,91,0,5,0,1,1,0,123
four,7,Pakistan,3,South Africa,1st innings,4,"<b>clubbed to wide long on!</b> Imad must have a really good eye. Beuran dug this in, but Imad was waiting for it, hammering the ball well in front of square. In fact, he's slugged it to wide long on","BE Hendricks to Imad Wasim, FOUR runs",127/5,379927,Beuran Hendricks,0,14,1,2.2,10,439952,Chris Morris,0,18,1,3.0,18,227758,Imad Wasim,18,10,3,0,494230,Asif Ali,14,12,0,1,2,False,0,0,0,0,0,16,7,1,False,,False,False,8.28,0,92,0,5,0,1,1,0,127
run,7,Pakistan,3,South Africa,1st innings,1,"bouncer again, but this is a much slower one and Imad is too soon into his pull shot, gloving it to short fine","BE Hendricks to Imad Wasim, 1 run",128/5,379927,Beuran Hendricks,0,15,1,2.3,11,439952,Chris Morris,0,18,1,3.0,18,227758,Imad Wasim,19,11,3,0,494230,Asif Ali,14,12,0,1,3,False,0,0,0,0,0,16,7,1,False,,False,False,8.25,0,93,0,5,0,1,1,0,128
run,7,Pakistan,3,South Africa,1st innings,1,"angling in towards the stumps on a full length, and Asif eases it to long on for a single","BE Hendricks to Asif Ali, 1 run",129/5,379927,Beuran Hendricks,0,16,1,2.4,12,439952,Chris Morris,0,18,1,3.0,18,494230,Asif Ali,15,13,0,1,227758,Imad Wasim,19,11,3,0,4,False,0,0,0,0,0,16,7,1,False,,False,False,8.23,0,94,0,5,0,1,1,0,129
no run,7,Pakistan,3,South Africa,1st innings,0,"very nicely bowled by Beuran, who fires in a full, wide yorker than Imad has to stretch at to reach, toe-ending it back to the bowler","BE Hendricks to Imad Wasim, no run",129/5,379927,Beuran Hendricks,0,17,1,2.5,12,439952,Chris Morris,0,18,1,3.0,18,227758,Imad Wasim,19,12,3,0,494230,Asif Ali,15,13,0,1,5,False,0,0,0,0,0,16,7,1,False,,False,False,8.14,0,95,0,5,0,1,1,0,129
out,7,Pakistan,3,South Africa,1st innings,0,"<b>undone by the slower ball!</b> Imad was getting fidgety after those two dot balls, and he just tried to hit this a little too hard even as he mis-read the delivery, which hit a length and cut in just a touch off the pitch to rattle the stumps","BE Hendricks to Imad Wasim, OUT",129/6,379927,Beuran Hendricks,0,18,2,3.0,12,439952,Chris Morris,0,18,1,3.0,18,227758,Imad Wasim,19,13,3,0,494230,Asif Ali,15,13,0,1,6,True,0,0,0,0,0,16,7,1,True,bowled,False,Imad Wasim  b BE Hendricks 19 (18m 13b 3x4 0x6) SR: 146.15,8.06,0,96,0,6,0,1,1,0,129
wide,7,Pakistan,3,South Africa,1st innings,1,Andile starts with a back-of-the-hand slower ball that loops down just a little too wide of off stump,"Phehlukwayo to Asif Ali, 1 wide",130/6,540316,Andile Phehlukwayo,0,12,1,2.0,14,379927,Beuran Hendricks,0,18,2,3.0,12,494230,Asif Ali,15,13,0,1,681117,Faheem Ashraf,0,0,0,0,1,False,0,0,1,0,0,17,7,0,False,,False,False,8.12,0,96,0,6,0,1,1,1,130
wide,7,Pakistan,3,South Africa,1st innings,1,"whoops, now this one shoots down the leg side. He's lost his radar","Phehlukwayo to Asif Ali, 1 wide",131/6,540316,Andile Phehlukwayo,0,12,1,2.0,15,379927,Beuran Hendricks,0,18,2,3.0,12,494230,Asif Ali,15,13,0,1,681117,Faheem Ashraf,0,0,0,0,2,False,0,0,1,0,0,17,7,0,False,,False,False,8.18,0,96,0,6,0,1,1,1,131
run,7,Pakistan,3,South Africa,1st innings,1,"that's better, very full outside off and Asif digs it out to mid off","Phehlukwayo to Asif Ali, 1 run",132/6,540316,Andile Phehlukwayo,0,13,1,2.1,16,379927,Beuran Hendricks,0,18,2,3.0,12,494230,Asif Ali,16,14,0,1,681117,Faheem Ashraf,0,0,0,0,3,False,0,0,0,0,0,17,7,0,False,,False,False,8.16,0,97,0,6,0,1,1,0,132
run,7,Pakistan,3,South Africa,1st innings,1,"short on middle, and Faheem is off the mark with a pull to deep midwicket","Phehlukwayo to Faheem Ashraf, 1 run",133/6,540316,Andile Phehlukwayo,0,14,1,2.2,17,379927,Beuran Hendricks,0,18,2,3.0,12,681117,Faheem Ashraf,1,1,0,0,494230,Asif Ali,16,14,0,1,4,False,0,0,0,0,0,17,7,0,False,,False,False,8.14,0,98,0,6,0,1,1,0,133
no run,7,Pakistan,3,South Africa,1st innings,0,"floated up invitingly outside off stump, Asif swinging for the hills but hitting nothing at all","Phehlukwayo to Asif Ali, no run",133/6,540316,Andile Phehlukwayo,0,15,1,2.3,17,379927,Beuran Hendricks,0,18,2,3.0,12,494230,Asif Ali,16,15,0,1,681117,Faheem Ashraf,1,1,0,0,5,False,0,0,0,0,0,17,7,0,False,,False,False,8.06,0,99,0,6,0,1,1,0,133
run,7,Pakistan,3,South Africa,1st innings,1,"effort ball from Phehlukwayo at 135km/h, and Asif slaps his drive in the air and down to long off, well short of the fielder","Phehlukwayo to Asif Ali, 1 run",134/6,540316,Andile Phehlukwayo,0,16,1,2.4,18,379927,Beuran Hendricks,0,18,2,3.0,12,494230,Asif Ali,17,16,0,1,681117,Faheem Ashraf,1,1,0,0,6,False,0,0,0,0,0,17,7,0,False,,False,False,8.04,0,100,0,6,0,1,1,0,134
run,7,Pakistan,3,South Africa,1st innings,1,flicked off the pads for a single through midwicket,"Phehlukwayo to Faheem Ashraf, 1 run",135/6,540316,Andile Phehlukwayo,0,17,1,2.5,19,379927,Beuran Hendricks,0,18,2,3.0,12,681117,Faheem Ashraf,2,2,0,0,494230,Asif Ali,17,16,0,1,7,False,0,0,0,0,0,17,7,0,False,,False,False,8.01,0,101,0,6,0,1,1,0,135
run,7,Pakistan,3,South Africa,1st innings,1,"swiped out into the leg side, on the bounce to the fielder. Excellent changes of pace from Phehlukwayo in this over, once he recovered from that slightly iffy start","Phehlukwayo to Asif Ali, 1 run",136/6,540316,Andile Phehlukwayo,0,18,1,3.0,20,379927,Beuran Hendricks,0,18,2,3.0,12,494230,Asif Ali,18,17,0,1,681117,Faheem Ashraf,2,2,0,0,8,True,0,0,0,0,0,17,7,0,False,,False,False,8.0,0,102,0,6,0,1,1,0,136
six,7,Pakistan,3,South Africa,1st innings,6,"<b>monstrous hit over long on!</b> It was there to be hit as Morris dished up a long half volley, in the slot, and Asif pings his shot right out of the middle","Morris to Asif Ali, SIX runs",142/6,439952,Chris Morris,0,19,1,3.1,24,540316,Andile Phehlukwayo,0,18,1,3.0,20,494230,Asif Ali,24,18,0,2,681117,Faheem Ashraf,2,2,0,0,1,False,0,0,0,0,0,18,9,1,False,,False,False,8.27,0,103,0,6,0,1,1,0,142
run,7,Pakistan,3,South Africa,1st innings,1,"Morris pulls his length back and takes the pace off the ball, delivering this one at only 120km/h, Asif staying deep in his crease to shovel the ball through square leg","Morris to Asif Ali, 1 run",143/6,439952,Chris Morris,0,20,1,3.2,25,540316,Andile Phehlukwayo,0,18,1,3.0,20,494230,Asif Ali,25,19,0,2,681117,Faheem Ashraf,2,2,0,0,2,False,0,0,0,0,0,18,9,1,False,,False,False,8.25,0,104,0,6,0,1,1,0,143
no run,7,Pakistan,3,South Africa,1st innings,0,"Faheem plants his front foot and heaves right across the line, the ball scooting past his inside edge","Morris to Faheem Ashraf, no run",143/6,439952,Chris Morris,0,21,1,3.3,25,540316,Andile Phehlukwayo,0,18,1,3.0,20,681117,Faheem Ashraf,2,3,0,0,494230,Asif Ali,25,19,0,2,3,False,0,0,0,0,0,18,9,1,False,,False,False,8.17,0,105,0,6,0,1,1,0,143
run,7,Pakistan,3,South Africa,1st innings,1,"full and wide, and Faheem swipes it out to Dala on the cover boundary. Asif wants two but Faheem sends him back","Morris to Faheem Ashraf, 1 run",144/6,439952,Chris Morris,0,22,1,3.4,26,540316,Andile Phehlukwayo,0,18,1,3.0,20,681117,Faheem Ashraf,3,4,0,0,494230,Asif Ali,25,19,0,2,4,False,0,0,0,0,0,18,9,1,False,,False,False,8.15,0,106,0,6,0,1,1,0,144
out,7,Pakistan,3,South Africa,1st innings,0,"<b>Asif charges down the track and slices out to deep cover!</b> Morris has his second with a ball that was full and wide - wide enough that Asif couldn't control his lofted drive, and van der Dussen holds a regulation boundary catch","Morris to Asif Ali, OUT",144/7,439952,Chris Morris,0,23,2,3.5,26,540316,Andile Phehlukwayo,0,18,1,3.0,20,494230,Asif Ali,25,20,0,2,681117,Faheem Ashraf,3,4,0,0,5,False,0,0,0,0,0,18,9,1,True,caught,False,Asif Ali c van der Dussen b Morris 25 (31m 20b 0x4 2x6) SR: 125.00,8.07,0,107,0,7,0,1,1,0,144
run,7,Pakistan,3,South Africa,1st innings,1,"on a length, just outside off, and it's punted to long off for one","Morris to Faheem Ashraf, 1 run",145/7,439952,Chris Morris,0,24,2,4.0,27,540316,Andile Phehlukwayo,0,18,1,3.0,20,681117,Faheem Ashraf,4,5,0,0,922943,Shadab Khan,0,0,0,0,6,True,0,0,0,0,0,18,9,1,False,,False,False,8.05,0,108,0,7,0,1,1,0,145
out,7,Pakistan,3,South Africa,1st innings,0,"<b>now Faheem finds the boundary rider!</b> He lined up a full ball from Beuran and tried to hit it down the ground, but he just didn't get enough on it. Miller was the fielder down at long on, and he made no mistake. He usually doesn't","BE Hendricks to Faheem Ashraf, OUT",145/8,379927,Beuran Hendricks,0,19,3,3.1,12,439952,Chris Morris,0,24,2,4.0,27,681117,Faheem Ashraf,4,6,0,0,922943,Shadab Khan,0,0,0,0,1,False,0,0,0,0,0,19,2,2,True,caught,False,Faheem Ashraf c Miller b BE Hendricks 4 (11m 6b 0x4 0x6) SR: 66.66,7.98,0,109,0,8,0,1,1,0,145
run,7,Pakistan,3,South Africa,1st innings,1,"very wide outside off and Shadab flings his bat out at it, top edging down to third man on the bounce","BE Hendricks to Shadab Khan, 1 run",146/8,379927,Beuran Hendricks,0,20,3,3.2,13,439952,Chris Morris,0,24,2,4.0,27,922943,Shadab Khan,1,1,0,0,290948,Mohammad Amir,0,0,0,0,2,False,0,0,0,0,0,19,2,2,False,,False,False,7.96,0,110,0,8,0,1,1,0,146
out,7,Pakistan,3,South Africa,1st innings,0,<b>and another one!</b> Pakistan are giving South Africa fielding practice under lights. Amir drives flamboyantly at his first ball but picks out van der Dussen on the deep cover boundary. He barely had to move out there.,"BE Hendricks to Mohammad Amir, OUT",146/9,379927,Beuran Hendricks,0,21,4,3.3,13,439952,Chris Morris,0,24,2,4.0,27,290948,Mohammad Amir,0,1,0,0,922943,Shadab Khan,1,1,0,0,3,False,0,0,0,0,0,19,2,2,True,caught,False,Mohammad Amir c van der Dussen b BE Hendricks 0 (2m 1b 0x4 0x6) SR: 0.00,7.89,0,111,0,9,0,1,1,0,146
run,7,Pakistan,3,South Africa,1st innings,1,nudged through gully for a single,"BE Hendricks to Shadab Khan, 1 run",147/9,379927,Beuran Hendricks,0,22,4,3.4,14,439952,Chris Morris,0,24,2,4.0,27,922943,Shadab Khan,2,2,0,0,1072470,Shaheen Afridi,0,0,0,0,4,False,0,0,0,0,0,19,2,2,False,,False,False,7.87,0,112,0,9,0,1,1,0,147
no run,7,Pakistan,3,South Africa,1st innings,0,"Beuran welcomes Afridi to the crease with a bumper that rises past his grille on a middle stump line, the no. 11 ducking underneath it","BE Hendricks to Shaheen Shah Afridi, no run",147/9,379927,Beuran Hendricks,0,23,4,3.5,14,439952,Chris Morris,0,24,2,4.0,27,1072470,Shaheen Afridi,0,1,0,0,922943,Shadab Khan,2,2,0,0,5,False,0,0,0,0,0,19,2,2,False,,False,False,7.8,0,113,0,9,0,1,1,0,147
no run,7,Pakistan,3,South Africa,1st innings,0,"full on off stump, and it's defended back to the bowler","BE Hendricks to Shaheen Shah Afridi, no run",147/9,379927,Beuran Hendricks,0,24,4,4.0,14,439952,Chris Morris,0,24,2,4.0,27,1072470,Shaheen Afridi,0,2,0,0,922943,Shadab Khan,2,2,0,0,6,True,0,0,0,0,0,19,2,2,False,,False,False,7.73,0,114,0,9,0,1,1,0,147
no run,7,Pakistan,3,South Africa,1st innings,0,"a very slow back of the hand slower ball to start, and Shadab swipes it in the air towards Miller at deep mid off, the ball falling just in front of the fielder","Phehlukwayo to Shadab Khan, no run",147/9,540316,Andile Phehlukwayo,0,19,1,3.1,20,379927,Beuran Hendricks,0,24,4,4.0,14,922943,Shadab Khan,2,3,0,0,1072470,Shaheen Afridi,0,2,0,0,1,False,0,0,0,0,0,20,21,0,False,,False,False,7.66,0,115,0,9,0,1,1,0,147
six,7,Pakistan,3,South Africa,1st innings,6,"Pakistan need a few more of these! Shadab lets his bottom hand do the work, lifting the ball handsomely over wide long off","Phehlukwayo to Shadab Khan, SIX runs",153/9,540316,Andile Phehlukwayo,0,20,1,3.2,26,379927,Beuran Hendricks,0,24,4,4.0,14,922943,Shadab Khan,8,4,0,1,1072470,Shaheen Afridi,0,2,0,0,2,False,0,0,0,0,0,20,21,0,False,,False,False,7.91,0,116,0,9,0,1,1,0,153
run,7,Pakistan,3,South Africa,1st innings,2,"slapped hard down to long on now, where the fielder over-runs the ball and allows them back for a second","Phehlukwayo to Shadab Khan, 2 runs",155/9,540316,Andile Phehlukwayo,0,21,1,3.3,28,379927,Beuran Hendricks,0,24,4,4.0,14,922943,Shadab Khan,10,5,0,1,1072470,Shaheen Afridi,0,2,0,0,3,False,0,0,0,0,0,20,21,0,False,,False,False,7.94,0,117,0,9,0,1,1,0,155
six,7,Pakistan,3,South Africa,1st innings,6,"no pace at all on this one as it came out of Phehlukwayo's hand at 96km/h, but plenty of pace on it as it pinged off the bat, Shadab clubbing another one down the ground","Phehlukwayo to Shadab Khan, SIX runs",161/9,540316,Andile Phehlukwayo,0,22,1,3.4,34,379927,Beuran Hendricks,0,24,4,4.0,14,922943,Shadab Khan,16,6,0,2,1072470,Shaheen Afridi,0,2,0,0,4,False,0,0,0,0,0,20,21,0,False,,False,False,8.18,0,118,0,9,0,1,1,0,161
wide,7,Pakistan,3,South Africa,1st innings,1,"sprayed down the leg side, and he'll have to bowl that one again","Phehlukwayo to Shadab Khan, 1 wide",162/9,540316,Andile Phehlukwayo,0,22,1,3.4,35,379927,Beuran Hendricks,0,24,4,4.0,14,922943,Shadab Khan,16,6,0,2,1072470,Shaheen Afridi,0,2,0,0,5,False,0,0,1,0,0,20,21,0,False,,False,False,8.23,0,118,0,9,0,1,1,1,162
no run,7,Pakistan,3,South Africa,1st innings,0,"full, outside off, and Shadab misses a huge heave at it","Phehlukwayo to Shadab Khan, no run",162/9,540316,Andile Phehlukwayo,0,23,1,3.5,35,379927,Beuran Hendricks,0,24,4,4.0,14,922943,Shadab Khan,16,7,0,2,1072470,Shaheen Afridi,0,2,0,0,6,False,0,0,0,0,0,20,21,0,False,,False,False,8.16,0,119,0,9,0,1,1,0,162
six,7,Pakistan,3,South Africa,1st innings,6,<b>Shadab ends the innings in style!</b> Phehlukwayo offers up length on middle and Shadab lines him up and monsters the ball onto the grass banks beyond midwicket,"Phehlukwayo to Shadab Khan, SIX runs",168/9,540316,Andile Phehlukwayo,0,24,1,4.0,41,379927,Beuran Hendricks,0,24,4,4.0,14,922943,Shadab Khan,22,8,0,3,1072470,Shaheen Afridi,0,2,0,0,7,True,0,0,0,0,0,20,21,0,False,,False,False,8.4,0,120,0,9,0,1,1,0,168
four,3,South Africa,7,Pakistan,2nd innings,4,"length ball, wide outside off, and enough width for Hendricks. Makes use of the rare loose ball from Imad, and slaps a cut past point for four","Imad Wasim to RR Hendricks, FOUR runs",0,227758,Imad Wasim,0,1,0,0.1,4,False,False,0,0,0,False,0,269280,Reeza Hendricks,4,1,1,0,605680,Janneman Malan,0,0,0,0,1,False,0,0,0,0,0,1,5,0,False,,False,False,24.0,0,1,0,0,0,1,1,0,4
no run,3,South Africa,7,Pakistan,2nd innings,0,"full on off, and sliding inwards. Defended towards the on-side","Imad Wasim to RR Hendricks, no run",0,227758,Imad Wasim,0,2,0,0.2,4,False,False,0,0,0,False,0,269280,Reeza Hendricks,4,2,1,0,605680,Janneman Malan,0,0,0,0,2,False,0,0,0,0,0,1,5,0,False,,False,False,12.0,0,2,0,0,0,1,1,0,4
no run,3,South Africa,7,Pakistan,2nd innings,0,"length ball, just outside off, and punched off the back foot to mid off","Imad Wasim to RR Hendricks, no run",0,227758,Imad Wasim,0,3,0,0.3,4,False,False,0,0,0,False,0,269280,Reeza Hendricks,4,3,1,0,605680,Janneman Malan,0,0,0,0,3,False,0,0,0,0,0,1,5,0,False,,False,False,8.0,0,3,0,0,0,1,1,0,4
run,3,South Africa,7,Pakistan,2nd innings,1,"full on off, and he taps this towards the fielder at long-on for a walking single","Imad Wasim to RR Hendricks, 1 run",0,227758,Imad Wasim,0,4,0,0.4,5,False,False,0,0,0,False,0,269280,Reeza Hendricks,5,4,1,0,605680,Janneman Malan,0,0,0,0,4,False,0,0,0,0,0,1,5,0,False,,False,False,7.5,0,4,0,0,0,1,1,0,5
no run,3,South Africa,7,Pakistan,2nd innings,0,"another slider, length ball on off and skidding into his pads. Chops a leg-side whip right into his pads","Imad Wasim to Malan, no run",0,227758,Imad Wasim,0,5,0,0.5,5,False,False,0,0,0,False,0,605680,Janneman Malan,0,1,0,0,269280,Reeza Hendricks,5,4,1,0,5,False,0,0,0,0,0,1,5,0,False,,False,False,6.0,0,5,0,0,0,1,1,0,5
no run,3,South Africa,7,Pakistan,2nd innings,0,length ball on off again to end the over. Punched off the back foot to short midwicket,"Imad Wasim to Malan, no run",0,227758,Imad Wasim,0,6,0,1.0,5,False,False,0,0,0,False,0,605680,Janneman Malan,0,2,0,0,269280,Reeza Hendricks,5,4,1,0,6,True,0,0,0,0,0,1,5,0,False,,False,False,5.0,0,6,0,0,0,1,1,0,5
no run,3,South Africa,7,Pakistan,2nd innings,0,"full on leg stump, and he misses the flick. Ball hits his front leg, and <b>they appeal for lbw in unison!</b> Not given...pitched outside leg stump","Shaheen Shah Afridi to RR Hendricks, no run",0,1072470,Shaheen Afridi,0,1,0,0.1,0,227758,Imad Wasim,0,6,0,1.0,5,269280,Reeza Hendricks,5,5,1,0,605680,Janneman Malan,0,2,0,0,1,False,0,0,0,0,0,2,4,1,False,,False,False,4.28,0,7,0,0,0,1,1,0,5
out,3,South Africa,7,Pakistan,2nd innings,0,"<b>caught and bowled!</b> Soft dismissal. Length ball on leg stump, but some extra bounce surprises Hendricks. He's onto a defensive shot too early, and the ball lobs into the air. No mistake from the bowler on his followthrough","Shaheen Shah Afridi to RR Hendricks, OUT",0,1072470,Shaheen Afridi,0,2,1,0.2,0,227758,Imad Wasim,0,6,0,1.0,5,269280,Reeza Hendricks,5,6,1,0,605680,Janneman Malan,0,2,0,0,2,False,0,0,0,0,0,2,4,1,True,caught,False,RR Hendricks c &amp; b Shaheen Shah Afridi 5 (4m 6b 1x4 0x6) SR: 83.33,3.75,0,8,0,1,0,1,1,0,5
no run,3,South Africa,7,Pakistan,2nd innings,0,"full on off, and angling across the right-hander. Check-driven to cover this time","Shaheen Shah Afridi to van der Dussen, no run",0,1072470,Shaheen Afridi,0,3,1,0.3,0,227758,Imad Wasim,0,6,0,1.0,5,337790,Rassie van der Dussen,0,1,0,0,605680,Janneman Malan,0,2,0,0,3,False,0,0,0,0,0,2,4,1,False,,False,False,3.33,0,9,0,1,0,1,1,0,5
no run,3,South Africa,7,Pakistan,2nd innings,0,"full on middle, and some late inswing. Rassie shovels a straight drive past the bowler's right to mid-on","Shaheen Shah Afridi to van der Dussen, no run",0,1072470,Shaheen Afridi,0,4,1,0.4,0,227758,Imad Wasim,0,6,0,1.0,5,337790,Rassie van der Dussen,0,2,0,0,605680,Janneman Malan,0,2,0,0,4,False,0,0,0,0,0,2,4,1,False,,False,False,3.0,0,10,0,1,0,1,1,0,5
four,3,South Africa,7,Pakistan,2nd innings,4,"full on leg, and drilled straight past the bowler! Mid-on has no chance either. Exquisite timing!","Shaheen Shah Afridi to van der Dussen, FOUR runs",0,1072470,Shaheen Afridi,0,5,1,0.5,4,227758,Imad Wasim,0,6,0,1.0,5,337790,Rassie van der Dussen,4,3,1,0,605680,Janneman Malan,0,2,0,0,5,False,0,0,0,0,0,2,4,1,False,,False,False,4.9,0,11,0,1,0,1,1,0,9
no run,3,South Africa,7,Pakistan,2nd innings,0,"length ball on leg stump, and defended off the back foot towards cover with gentle hands","Shaheen Shah Afridi to van der Dussen, no run",0,1072470,Shaheen Afridi,0,6,1,1.0,4,227758,Imad Wasim,0,6,0,1.0,5,337790,Rassie van der Dussen,4,4,1,0,605680,Janneman Malan,0,2,0,0,6,True,0,0,0,0,0,2,4,1,False,,False,False,4.5,0,12,0,1,0,1,1,0,9
run,3,South Africa,7,Pakistan,2nd innings,1,"length ball on middle, and the back-foot pull takes an inside edge to square leg. Almost chopped on this time","Imad Wasim to Malan, 1 run",0,227758,Imad Wasim,0,7,0,1.1,6,1072470,Shaheen Afridi,0,6,1,1.0,4,605680,Janneman Malan,1,3,0,0,337790,Rassie van der Dussen,4,4,1,0,1,False,0,0,0,0,0,3,5,1,False,,False,False,4.61,0,13,0,1,0,1,1,0,10
wide,3,South Africa,7,Pakistan,2nd innings,1,"full on leg, and sliding down further. Sharp work from Rizwan as he whips the bails off. Was van der Dussen out of his crease? Well, he was off balance... but he's safe","Imad Wasim to van der Dussen, 1 wide",0,227758,Imad Wasim,0,7,0,1.1,7,1072470,Shaheen Afridi,0,6,1,1.0,4,337790,Rassie van der Dussen,4,4,1,0,605680,Janneman Malan,1,3,0,0,2,False,0,0,1,0,0,3,5,1,False,,False,False,5.07,0,13,0,1,0,1,1,1,11
run,3,South Africa,7,Pakistan,2nd innings,1,"length ball on off, and the slider comes into his body. Bunted off the back foot to mid on","Imad Wasim to van der Dussen, 1 run",0,227758,Imad Wasim,0,8,0,1.2,8,1072470,Shaheen Afridi,0,6,1,1.0,4,337790,Rassie van der Dussen,5,5,1,0,605680,Janneman Malan,1,3,0,0,3,False,0,0,0,0,0,3,5,1,False,,False,False,5.14,0,14,0,1,0,1,1,0,12
run,3,South Africa,7,Pakistan,2nd innings,1,"full on middle, and he shuffles across the stumps, before working a tapped shot to square leg for one","Imad Wasim to Malan, 1 run",0,227758,Imad Wasim,0,9,0,1.3,9,1072470,Shaheen Afridi,0,6,1,1.0,4,605680,Janneman Malan,2,4,0,0,337790,Rassie van der Dussen,5,5,1,0,4,False,0,0,0,0,0,3,5,1,False,,False,False,5.2,0,15,0,1,0,1,1,0,13
run,3,South Africa,7,Pakistan,2nd innings,1,"length ball on middle, and he drags a pulled shot to long on with the straight bat","Imad Wasim to van der Dussen, 1 run",0,227758,Imad Wasim,0,10,0,1.4,10,1072470,Shaheen Afridi,0,6,1,1.0,4,337790,Rassie van der Dussen,6,6,1,0,605680,Janneman Malan,2,4,0,0,5,False,0,0,0,0,0,3,5,1,False,,False,False,5.25,0,16,0,1,0,1,1,0,14
no run,3,South Africa,7,Pakistan,2nd innings,0,"full on leg, and skidding into his pads. He backs away and then defends it back to the bowler","Imad Wasim to Malan, no run",0,227758,Imad Wasim,0,11,0,1.5,10,1072470,Shaheen Afridi,0,6,1,1.0,4,605680,Janneman Malan,2,5,0,0,337790,Rassie van der Dussen,6,6,1,0,6,False,0,0,0,0,0,3,5,1,False,,False,False,4.94,0,17,0,1,0,1,1,0,14
out,3,South Africa,7,Pakistan,2nd innings,0,"<b>through him!</b> Length ball on middle, and going straight. Malan tries to punch with the bat's full face, but the ball sneaks under his bat by the time he plays the shot. Extra bounce, too, from Imad, and Malan's middle stump has been pegged back","Imad Wasim to Malan, OUT",0,227758,Imad Wasim,0,12,1,2.0,10,1072470,Shaheen Afridi,0,6,1,1.0,4,605680,Janneman Malan,2,6,0,0,337790,Rassie van der Dussen,6,6,1,0,7,True,0,0,0,0,0,3,5,1,True,bowled,False,JN Malan  b Imad Wasim 2 (11m 6b 0x4 0x6) SR: 33.33,4.66,0,18,0,2,0,1,1,0,14
no run,3,South Africa,7,Pakistan,2nd innings,0,"full on middle, and he brings his bat down to muscle a straight drive. Flies off the bat's outside edge to mid off","Shaheen Shah Afridi to van der Dussen, no run",0,1072470,Shaheen Afridi,0,7,1,1.1,4,227758,Imad Wasim,0,12,1,2.0,10,337790,Rassie van der Dussen,6,7,1,0,436757,Heinrich Klaasen,0,0,0,0,1,False,0,0,0,0,0,4,3,0,False,,False,False,4.42,0,19,0,2,0,1,1,0,14
run,3,South Africa,7,Pakistan,2nd innings,3,"full outside off stump, and Dussen has teed off! Drags a slog from outside off stump, but he's toe ended that shot completely. In the air for ages, and mid-on - running towards the boundary - can't get under the ball. Lands just beyond Amir near the boundary as Dussen gets a reprieve","Shaheen Shah Afridi to van der Dussen, 3 runs",0,1072470,Shaheen Afridi,0,8,1,1.2,7,227758,Imad Wasim,0,12,1,2.0,10,337790,Rassie van der Dussen,9,8,1,0,436757,Heinrich Klaasen,0,0,0,0,2,False,0,0,0,0,0,4,3,0,False,,False,False,5.1,0,20,0,2,0,1,1,0,17
no run,3,South Africa,7,Pakistan,2nd innings,0,"full on off, and angling further across. He covers his stumps and then shoulders his arms","Shaheen Shah Afridi to Klaasen, no run",0,1072470,Shaheen Afridi,0,9,1,1.3,7,227758,Imad Wasim,0,12,1,2.0,10,436757,Heinrich Klaasen,0,1,0,0,337790,Rassie van der Dussen,9,8,1,0,3,False,0,0,0,0,0,4,3,0,False,,False,False,4.85,0,21,0,2,0,1,1,0,17
no run,3,South Africa,7,Pakistan,2nd innings,0,"<b>keeper and bowler go up to appeal</b> but the umpire says no. Length ball on middle that's angling across the batsman. Klaasen tries to defend, but the ball whizzes past his outside edge to the keeper. Some noise, probably the shuffle of the batsman's boots, got the fielding side excited","Shaheen Shah Afridi to Klaasen, no run",0,1072470,Shaheen Afridi,0,10,1,1.4,7,227758,Imad Wasim,0,12,1,2.0,10,436757,Heinrich Klaasen,0,2,0,0,337790,Rassie van der Dussen,9,8,1,0,4,False,0,0,0,0,0,4,3,0,False,,False,False,4.63,0,22,0,2,0,1,1,0,17
no run,3,South Africa,7,Pakistan,2nd innings,0,"length ball on middle, and going across Klaasen. Punched firmly off the back foot to cover","Shaheen Shah Afridi to Klaasen, no run",0,1072470,Shaheen Afridi,0,11,1,1.5,7,227758,Imad Wasim,0,12,1,2.0,10,436757,Heinrich Klaasen,0,3,0,0,337790,Rassie van der Dussen,9,8,1,0,5,False,0,0,0,0,0,4,3,0,False,,False,False,4.43,0,23,0,2,0,1,1,0,17
no run,3,South Africa,7,Pakistan,2nd innings,0,"length ball on off, and the back-foot defense takes the outside edge to short third man","Shaheen Shah Afridi to Klaasen, no run",0,1072470,Shaheen Afridi,0,12,1,2.0,7,227758,Imad Wasim,0,12,1,2.0,10,436757,Heinrich Klaasen,0,4,0,0,337790,Rassie van der Dussen,9,8,1,0,6,True,0,0,0,0,0,4,3,0,False,,False,False,4.25,0,24,0,2,0,1,1,0,17
no run,3,South Africa,7,Pakistan,2nd innings,0,"full on off, and defended off the front foot. Played to short mid-on","Imad Wasim to van der Dussen, no run",0,227758,Imad Wasim,0,13,1,2.1,10,1072470,Shaheen Afridi,0,12,1,2.0,7,337790,Rassie van der Dussen,9,9,1,0,436757,Heinrich Klaasen,0,4,0,0,1,False,0,0,0,0,0,5,3,0,False,,False,False,4.08,0,25,0,2,0,1,1,0,17
no run,3,South Africa,7,Pakistan,2nd innings,0,"full ball on middle, and he backs away to cut. But too close to his body, so pushed to cover instead","Imad Wasim to van der Dussen, no run",0,227758,Imad Wasim,0,14,1,2.2,10,1072470,Shaheen Afridi,0,12,1,2.0,7,337790,Rassie van der Dussen,9,10,1,0,436757,Heinrich Klaasen,0,4,0,0,2,False,0,0,0,0,0,5,3,0,False,,False,False,3.92,0,26,0,2,0,1,1,0,17
run,3,South Africa,7,Pakistan,2nd innings,2,"full outside off, and driven sweetly through to cover. Ball goes through Faheem's legs, and that allows South Africa to pinch the extra run","Imad Wasim to van der Dussen, 2 runs",0,227758,Imad Wasim,0,15,1,2.3,12,1072470,Shaheen Afridi,0,12,1,2.0,7,337790,Rassie van der Dussen,11,11,1,0,436757,Heinrich Klaasen,0,4,0,0,3,False,0,0,0,0,0,5,3,0,False,,False,False,4.22,0,27,0,2,0,1,1,0,19
run,3,South Africa,7,Pakistan,2nd innings,1,"length ball on middle, and going down leg. But the batsman manages to nurdle this away off the back foot to short fine leg, and takes a single with ease","Imad Wasim to van der Dussen, 1 run",0,227758,Imad Wasim,0,16,1,2.4,13,1072470,Shaheen Afridi,0,12,1,2.0,7,337790,Rassie van der Dussen,12,12,1,0,436757,Heinrich Klaasen,0,4,0,0,4,False,0,0,0,0,0,5,3,0,False,,False,False,4.28,0,28,0,2,0,1,1,0,20
no run,3,South Africa,7,Pakistan,2nd innings,0,"length ball, just outside off, and punched off the back foot to cover","Imad Wasim to Klaasen, no run",0,227758,Imad Wasim,0,17,1,2.5,13,1072470,Shaheen Afridi,0,12,1,2.0,7,436757,Heinrich Klaasen,0,5,0,0,337790,Rassie van der Dussen,12,12,1,0,5,False,0,0,0,0,0,5,3,0,False,,False,False,4.13,0,29,0,2,0,1,1,0,20
no run,3,South Africa,7,Pakistan,2nd innings,0,"full just outside off, and carefully defended off the front foot. Played straight back to Imad","Imad Wasim to Klaasen, no run",0,227758,Imad Wasim,0,18,1,3.0,13,1072470,Shaheen Afridi,0,12,1,2.0,7,436757,Heinrich Klaasen,0,6,0,0,337790,Rassie van der Dussen,12,12,1,0,6,True,0,0,0,0,0,5,3,0,False,,False,False,4.0,0,30,0,2,0,1,1,0,20
no run,3,South Africa,7,Pakistan,2nd innings,0,"full just outside off, and he leans forward to drive. But the shot is toe-ended, and it dribbles away to mid off for no run","Shaheen Shah Afridi to van der Dussen, no run",0,1072470,Shaheen Afridi,0,13,1,2.1,7,227758,Imad Wasim,0,18,1,3.0,13,337790,Rassie van der Dussen,12,13,1,0,436757,Heinrich Klaasen,0,6,0,0,1,False,0,0,0,0,0,6,4,0,False,,False,False,3.87,0,31,0,2,0,1,1,0,20
no run,3,South Africa,7,Pakistan,2nd innings,0,"<b>slower ball</b> from Shaheen. Length ball on off, but staying low after hitting the deck. Batsman tried to play the late cut, but the ball whizzes past his outside edge","Shaheen Shah Afridi to van der Dussen, no run",0,1072470,Shaheen Afridi,0,14,1,2.2,7,227758,Imad Wasim,0,18,1,3.0,13,337790,Rassie van der Dussen,12,14,1,0,436757,Heinrich Klaasen,0,6,0,0,2,False,0,0,0,0,0,6,4,0,False,,False,False,3.75,0,32,0,2,0,1,1,0,20
four,3,South Africa,7,Pakistan,2nd innings,4,"<b>beautiful!</b> Full on middle, and he clears his front leg, before drilling a lofted straight-drive right over the bowler's head! Beautiful shot, one you'll admire, irrespective of which team you're a fan of","Shaheen Shah Afridi to van der Dussen, FOUR runs",0,1072470,Shaheen Afridi,0,15,1,2.3,11,227758,Imad Wasim,0,18,1,3.0,13,337790,Rassie van der Dussen,16,15,2,0,436757,Heinrich Klaasen,0,6,0,0,3,False,0,0,0,0,0,6,4,0,False,,False,False,4.36,0,33,0,2,0,1,1,0,24
no run,3,South Africa,7,Pakistan,2nd innings,0,"length ball on middle, and he misses the cut-shot with the ball angling away. Through him before he could shape up to play that","Shaheen Shah Afridi to van der Dussen, no run",0,1072470,Shaheen Afridi,0,16,1,2.4,11,227758,Imad Wasim,0,18,1,3.0,13,337790,Rassie van der Dussen,16,16,2,0,436757,Heinrich Klaasen,0,6,0,0,4,False,0,0,0,0,0,6,4,0,False,,False,False,4.23,0,34,0,2,0,1,1,0,24
no run,3,South Africa,7,Pakistan,2nd innings,0,"<b>hits his helmet!</b> But Rassie says he's alright. Short ball on leg, and he tries to pull. Gloves the shot right onto his face, but the helmet grille saves him from any damage. The umpires, nonetheless, want to check if Rassie is OK. The physio rushes in to take a quick concussion test","Shaheen Shah Afridi to van der Dussen, no run",0,1072470,Shaheen Afridi,0,17,1,2.5,11,227758,Imad Wasim,0,18,1,3.0,13,337790,Rassie van der Dussen,16,17,2,0,436757,Heinrich Klaasen,0,6,0,0,5,False,0,0,0,0,0,6,4,0,False,,False,False,4.11,0,35,0,2,0,1,1,0,24
no run,3,South Africa,7,Pakistan,2nd innings,0,"full just outside off, and the attempted cover drive is too slow for van der Dussen. He's through his shot too early as batsman and bowler share a smile","Shaheen Shah Afridi to van der Dussen, no run",0,1072470,Shaheen Afridi,0,18,1,3.0,11,227758,Imad Wasim,0,18,1,3.0,13,337790,Rassie van der Dussen,16,18,2,0,436757,Heinrich Klaasen,0,6,0,0,6,True,0,0,0,0,0,6,4,0,False,,False,False,4.0,0,36,0,2,0,1,1,0,24
run,3,South Africa,7,Pakistan,2nd innings,1,"full on leg stump, and he leans forward to drill a drive-shot to deep midwicket","Imad Wasim to Klaasen, 1 run",0,227758,Imad Wasim,0,19,1,3.1,14,1072470,Shaheen Afridi,0,18,1,3.0,11,436757,Heinrich Klaasen,1,7,0,0,337790,Rassie van der Dussen,16,18,2,0,1,False,0,0,0,0,0,7,6,0,False,,False,False,4.05,0,37,0,2,0,1,1,0,25
no run,3,South Africa,7,Pakistan,2nd innings,0,"full just outside off, and skidding onto off stump. Punched off the back foot to cover","Imad Wasim to van der Dussen, no run",0,227758,Imad Wasim,0,20,1,3.2,14,1072470,Shaheen Afridi,0,18,1,3.0,11,337790,Rassie van der Dussen,16,19,2,0,436757,Heinrich Klaasen,1,7,0,0,2,False,0,0,0,0,0,7,6,0,False,,False,False,3.94,0,38,0,2,0,1,1,0,25
run,3,South Africa,7,Pakistan,2nd innings,2,"length ball on middle, and tucked off his hips to deep midwicket. Enough time for two as the fielder in the deep misfields","Imad Wasim to van der Dussen, 2 runs",0,227758,Imad Wasim,0,21,1,3.3,16,1072470,Shaheen Afridi,0,18,1,3.0,11,337790,Rassie van der Dussen,18,20,2,0,436757,Heinrich Klaasen,1,7,0,0,3,False,0,0,0,0,0,7,6,0,False,,False,False,4.15,0,39,0,2,0,1,1,0,27
wide,3,South Africa,7,Pakistan,2nd innings,1,"a drifter, that lands full on leg stump. But it's angling further down leg as Dussen misses the flick. Keeper can't hold on to it either","Imad Wasim to van der Dussen, 1 wide",0,227758,Imad Wasim,0,21,1,3.3,17,1072470,Shaheen Afridi,0,18,1,3.0,11,337790,Rassie van der Dussen,18,20,2,0,436757,Heinrich Klaasen,1,7,0,0,4,False,0,0,1,0,0,7,6,0,False,,False,False,4.3,0,39,0,2,0,1,1,1,28
run,3,South Africa,7,Pakistan,2nd innings,1,"length ball on middle, and punched off the back foot. Played with the bat's straight face, and long-off races forward to intercept","Imad Wasim to van der Dussen, 1 run",0,227758,Imad Wasim,0,22,1,3.4,18,1072470,Shaheen Afridi,0,18,1,3.0,11,337790,Rassie van der Dussen,19,21,2,0,436757,Heinrich Klaasen,1,7,0,0,5,False,0,0,0,0,0,7,6,0,False,,False,False,4.35,0,40,0,2,0,1,1,0,29
no run,3,South Africa,7,Pakistan,2nd innings,0,"full on middle, and sliding into leg stump. Cramped for space, but manages to muscle a shot towards short midwicket","Imad Wasim to Klaasen, no run",0,227758,Imad Wasim,0,23,1,3.5,18,1072470,Shaheen Afridi,0,18,1,3.0,11,436757,Heinrich Klaasen,1,8,0,0,337790,Rassie van der Dussen,19,21,2,0,6,False,0,0,0,0,0,7,6,0,False,,False,False,4.24,0,41,0,2,0,1,1,0,29
run,3,South Africa,7,Pakistan,2nd innings,1,"length ball, wide outside off stump, and cut away to deep point for a walking single. <B>Imad finishes with 1 for 19</b>","Imad Wasim to Klaasen, 1 run",0,227758,Imad Wasim,0,24,1,4.0,19,1072470,Shaheen Afridi,0,18,1,3.0,11,436757,Heinrich Klaasen,2,9,0,0,337790,Rassie van der Dussen,19,21,2,0,7,True,0,0,0,0,0,7,6,0,False,,False,False,4.28,0,42,0,2,0,1,1,0,30
out,3,South Africa,7,Pakistan,2nd innings,0,"length ball, wide outside off, and he tries to drag a pull. Bat's face turns in his hand, and the sliced shot is easily taken at mid off. Amir strikes first ball","Mohammad Amir to Klaasen, OUT",0,290948,Mohammad Amir,0,1,1,0.1,0,227758,Imad Wasim,0,24,1,4.0,19,436757,Heinrich Klaasen,2,10,0,0,337790,Rassie van der Dussen,19,21,2,0,1,False,0,0,0,0,0,8,10,1,True,caught,False,H Klaasen c Shoaib Malik b Mohammad Amir 2 (20m 10b 0x4 0x6) SR: 20.00,4.18,0,43,0,3,0,1,1,0,30
run,3,South Africa,7,Pakistan,2nd innings,1,"length ball on middle, and tapped away to mid off for a quick single. Comfortably completed","Mohammad Amir to van der Dussen, 1 run",0,290948,Mohammad Amir,0,2,1,0.2,1,227758,Imad Wasim,0,24,1,4.0,19,337790,Rassie van der Dussen,20,22,2,0,321777,David Miller,0,0,0,0,2,False,0,0,0,0,0,8,10,1,False,,False,False,4.22,0,44,0,3,0,1,1,0,31
no run,3,South Africa,7,Pakistan,2nd innings,0,"length ball, just outside off, and he tries to play a cheeky late cut. Ball goes just past his outside edge though, could've easily taken a feather nick","Mohammad Amir to Miller, no run",0,290948,Mohammad Amir,0,3,1,0.3,1,227758,Imad Wasim,0,24,1,4.0,19,321777,David Miller,0,1,0,0,337790,Rassie van der Dussen,20,22,2,0,3,False,0,0,0,0,0,8,10,1,False,,False,False,4.13,0,45,0,3,0,1,1,0,31
four,3,South Africa,7,Pakistan,2nd innings,4,"length ball just outside off, and Miller simply flicks this off his wrists to muscle a shot to deep midwicket! A simple whip of his wrists, and the timing takes the ball to the boundary","Mohammad Amir to Miller, FOUR runs",0,290948,Mohammad Amir,0,4,1,0.4,5,227758,Imad Wasim,0,24,1,4.0,19,321777,David Miller,4,2,1,0,337790,Rassie van der Dussen,20,22,2,0,4,False,0,0,0,0,0,8,10,1,False,,False,False,4.56,0,46,0,3,0,1,1,0,35
no run,3,South Africa,7,Pakistan,2nd innings,0,"back of a length, wide outside off, and Miller swivels to pull but misses. Ball goes over his blade to the keeper","Mohammad Amir to Miller, no run",0,290948,Mohammad Amir,0,5,1,0.5,5,227758,Imad Wasim,0,24,1,4.0,19,321777,David Miller,4,3,1,0,337790,Rassie van der Dussen,20,22,2,0,5,False,0,0,0,0,0,8,10,1,False,,False,False,4.46,0,47,0,3,0,1,1,0,35
wide,3,South Africa,7,Pakistan,2nd innings,1,"full on leg stump, but the offcutter slides further down leg. Batsman can't flick this behind square either","Mohammad Amir to Miller, 1 wide",0,290948,Mohammad Amir,0,5,1,0.5,6,227758,Imad Wasim,0,24,1,4.0,19,321777,David Miller,4,3,1,0,337790,Rassie van der Dussen,20,22,2,0,6,False,0,0,1,0,0,8,10,1,False,,False,False,4.59,0,47,0,3,0,1,1,1,36
four,3,South Africa,7,Pakistan,2nd innings,4,"<b>smoked!</b> What power. Length ball, wide enough outside off, and he slaps a square cut through the off side!","Mohammad Amir to Miller, FOUR runs",0,290948,Mohammad Amir,0,6,1,1.0,10,227758,Imad Wasim,0,24,1,4.0,19,321777,David Miller,8,4,2,0,337790,Rassie van der Dussen,20,22,2,0,7,True,0,0,0,0,0,8,10,1,False,,False,False,5.0,0,48,0,3,0,1,1,0,40
run,3,South Africa,7,Pakistan,2nd innings,1,"length ball just outside off, and no spin first up. He pulls along the ground to cow corner for a single","Shadab Khan to van der Dussen, 1 run",0,922943,Shadab Khan,0,1,0,0.1,1,290948,Mohammad Amir,0,6,1,1.0,10,337790,Rassie van der Dussen,21,23,2,0,321777,David Miller,8,4,2,0,1,False,0,0,0,0,0,9,11,0,False,,False,False,5.02,0,49,0,3,0,1,1,0,41
run,3,South Africa,7,Pakistan,2nd innings,1,"full on middle, and driven down the ground to long on for a walking single","Shadab Khan to Miller, 1 run",0,922943,Shadab Khan,0,2,0,0.2,2,290948,Mohammad Amir,0,6,1,1.0,10,321777,David Miller,9,5,2,0,337790,Rassie van der Dussen,21,23,2,0,2,False,0,0,0,0,0,9,11,0,False,,False,False,5.04,0,50,0,3,0,1,1,0,42
six,3,South Africa,7,Pakistan,2nd innings,6,"<b>shouts of catch it</b> but that's one for the crowd! Full outside off, and spinning away. But the batsman skips down the wicket, gets under the ball, and muscles a lofted shot right over the long-off boundary","Shadab Khan to van der Dussen, SIX runs",0,922943,Shadab Khan,0,3,0,0.3,8,290948,Mohammad Amir,0,6,1,1.0,10,337790,Rassie van der Dussen,27,24,2,1,321777,David Miller,9,5,2,0,3,False,0,0,0,0,0,9,11,0,False,,False,False,5.64,0,51,0,3,0,1,1,0,48
run,3,South Africa,7,Pakistan,2nd innings,1,"full on middle stump, and he drives away from his body to long-off for a walking single","Shadab Khan to van der Dussen, 1 run",0,922943,Shadab Khan,0,4,0,0.4,9,290948,Mohammad Amir,0,6,1,1.0,10,337790,Rassie van der Dussen,28,25,2,1,321777,David Miller,9,5,2,0,4,False,0,0,0,0,0,9,11,0,False,,False,False,5.65,0,52,0,3,0,1,1,0,49
run,3,South Africa,7,Pakistan,2nd innings,1,"quicker ball, full on middle, and he drills a drive past Shadab's left to long-on. <B>Fifty for South Africa</b>","Shadab Khan to Miller, 1 run",0,922943,Shadab Khan,0,5,0,0.5,10,290948,Mohammad Amir,0,6,1,1.0,10,321777,David Miller,10,6,2,0,337790,Rassie van der Dussen,28,25,2,1,5,False,0,0,0,0,0,9,11,0,False,,False,False,5.66,0,53,0,3,0,1,1,0,50
run,3,South Africa,7,Pakistan,2nd innings,1,"full on off stump, from round the wicket. He muscles a straight drive to long on this time","Shadab Khan to van der Dussen, 1 run",0,922943,Shadab Khan,0,6,0,1.0,11,290948,Mohammad Amir,0,6,1,1.0,10,337790,Rassie van der Dussen,29,26,2,1,321777,David Miller,10,6,2,0,6,True,0,0,0,0,0,9,11,0,False,,False,False,5.66,0,54,0,3,0,1,1,0,51
run,3,South Africa,7,Pakistan,2nd innings,2,"length ball, just outside off, and he guides a late cut to Shaheen at third man. Sliding effort stops the boundary","Mohammad Amir to van der Dussen, 2 runs",0,290948,Mohammad Amir,0,7,1,1.1,12,922943,Shadab Khan,0,6,0,1.0,11,337790,Rassie van der Dussen,31,27,2,1,321777,David Miller,10,6,2,0,1,False,0,0,0,0,0,10,8,0,False,,False,False,5.78,0,55,0,3,0,1,1,0,53
run,3,South Africa,7,Pakistan,2nd innings,1,"length ball, just wide outside off, and cut away to cover for a quick single. Shy at the bowler's end from the fielder, but no direct-hit there","Mohammad Amir to van der Dussen, 1 run",0,290948,Mohammad Amir,0,8,1,1.2,13,922943,Shadab Khan,0,6,0,1.0,11,337790,Rassie van der Dussen,32,28,2,1,321777,David Miller,10,6,2,0,2,False,0,0,0,0,0,10,8,0,False,,False,False,5.78,0,56,0,3,0,1,1,0,54
run,3,South Africa,7,Pakistan,2nd innings,1,"length ball just outside off, and punched to cover for a single. Shadab a shy at the bowlers end, but he misses, and overthrows allow SA to take the single","Mohammad Amir to Miller, 1 run",0,290948,Mohammad Amir,0,9,1,1.3,14,922943,Shadab Khan,0,6,0,1.0,11,321777,David Miller,11,7,2,0,337790,Rassie van der Dussen,32,28,2,1,3,False,0,0,0,0,0,10,8,0,False,,False,False,5.78,0,57,0,3,0,1,1,0,55
wide,3,South Africa,7,Pakistan,2nd innings,1,"full and wide outside off, and he throws his hands at this. Tries to drive, but misses with the ball moving away. Umpire reckons it's a wide though","Mohammad Amir to van der Dussen, 1 wide",0,290948,Mohammad Amir,0,9,1,1.3,15,922943,Shadab Khan,0,6,0,1.0,11,337790,Rassie van der Dussen,32,28,2,1,321777,David Miller,11,7,2,0,4,False,0,0,1,0,0,10,8,0,False,,False,False,5.89,0,57,0,3,0,1,1,1,56
no run,3,South Africa,7,Pakistan,2nd innings,0,"full just outside off, and he leans forward to connect with a cover drive. Stopped by the infielder","Mohammad Amir to van der Dussen, no run",0,290948,Mohammad Amir,0,10,1,1.4,15,922943,Shadab Khan,0,6,0,1.0,11,337790,Rassie van der Dussen,32,29,2,1,321777,David Miller,11,7,2,0,5,False,0,0,0,0,0,10,8,0,False,,False,False,5.79,0,58,0,3,0,1,1,0,56
run,3,South Africa,7,Pakistan,2nd innings,1,"overpitched on off, and he digs out a shot towards Fakhar at cover. Almost a yorker from Amir, there","Mohammad Amir to van der Dussen, 1 run",0,290948,Mohammad Amir,0,11,1,1.5,16,922943,Shadab Khan,0,6,0,1.0,11,337790,Rassie van der Dussen,33,30,2,1,321777,David Miller,11,7,2,0,6,False,0,0,0,0,0,10,8,0,False,,False,False,5.79,0,59,0,3,0,1,1,0,57
run,3,South Africa,7,Pakistan,2nd innings,2,"full and wide outside off, and he plays a square drive through to the man in the deep. Mix-up from the batsmen as they consider taking a second run... and the throw from the deep goes to the wrong end. Amir collects at the bower's end, and then throws down the stumps at the batsman's, but Miller is comfortably in","Mohammad Amir to Miller, 2 runs",0,290948,Mohammad Amir,0,12,1,2.0,18,922943,Shadab Khan,0,6,0,1.0,11,321777,David Miller,13,8,2,0,337790,Rassie van der Dussen,33,30,2,1,7,True,0,0,0,0,0,10,8,0,False,,False,False,5.9,0,60,0,3,0,1,1,0,59
no run,3,South Africa,7,Pakistan,2nd innings,0,"length ball on leg stump, as Rassie skips down the wicket. Stops midway, and then checks his shot, defending it back to Shadab","Shadab Khan to van der Dussen, no run",0,922943,Shadab Khan,0,7,0,1.1,11,290948,Mohammad Amir,0,12,1,2.0,18,337790,Rassie van der Dussen,33,31,2,1,321777,David Miller,13,8,2,0,1,False,0,0,0,0,0,11,11,1,False,,False,False,5.8,0,61,0,3,0,1,1,0,59
six,3,South Africa,7,Pakistan,2nd innings,6,"<b>into the night sky!</b> Full on leg from round the wicket, and he absolutely hammers a lifted shot over cow corner. Played against the turn, dragging the shot from beyond off stump","Shadab Khan to van der Dussen, SIX runs",0,922943,Shadab Khan,0,8,0,1.2,17,290948,Mohammad Amir,0,12,1,2.0,18,337790,Rassie van der Dussen,39,32,2,2,321777,David Miller,13,8,2,0,2,False,0,0,0,0,0,11,11,1,False,,False,False,6.29,0,62,0,3,0,1,1,0,65
run,3,South Africa,7,Pakistan,2nd innings,1,"full on middle, and driven to mid off","Shadab Khan to van der Dussen, 1 run",0,922943,Shadab Khan,0,9,0,1.3,18,290948,Mohammad Amir,0,12,1,2.0,18,337790,Rassie van der Dussen,40,33,2,2,321777,David Miller,13,8,2,0,3,False,0,0,0,0,0,11,11,1,False,,False,False,6.28,0,63,0,3,0,1,1,0,66
out,3,South Africa,7,Pakistan,2nd innings,0,"full outside off, and he goes down on one knee to sweep. Sliced into the air, and that's been top-edged to Shadab running backwards. Miller isn't happy with himself","Shadab Khan to Miller, OUT",0,922943,Shadab Khan,0,10,1,1.4,18,290948,Mohammad Amir,0,12,1,2.0,18,321777,David Miller,13,9,2,0,337790,Rassie van der Dussen,40,33,2,2,4,False,0,0,0,0,0,11,11,1,True,caught,False,DA Miller c &amp; b Shadab Khan 13 (18m 9b 2x4 0x6) SR: 144.44,6.18,0,64,0,4,0,1,1,0,66
four,3,South Africa,7,Pakistan,2nd innings,4,"full on off, and he sweeps first ball! Hammered towards the leg side, and too good for even Faheem at deep square leg","Shadab Khan to Phehlukwayo, FOUR runs",0,922943,Shadab Khan,0,11,1,1.5,22,290948,Mohammad Amir,0,12,1,2.0,18,540316,Andile Phehlukwayo,4,1,1,0,337790,Rassie van der Dussen,40,33,2,2,5,False,0,0,0,0,0,11,11,1,False,,False,False,6.46,0,65,0,4,0,1,1,0,70
no run,3,South Africa,7,Pakistan,2nd innings,0,"length ball on middle, and he skips down the wicket to defend. Played back to the bowler, who releases the ball to Rizwan very quickly... but Andile is in despite the keeper whipping his bails off","Shadab Khan to Phehlukwayo, no run",0,922943,Shadab Khan,0,12,1,2.0,22,290948,Mohammad Amir,0,12,1,2.0,18,540316,Andile Phehlukwayo,4,2,1,0,337790,Rassie van der Dussen,40,33,2,2,6,True,0,0,0,0,0,11,11,1,False,,False,False,6.36,0,66,0,4,0,1,1,0,70
run,3,South Africa,7,Pakistan,2nd innings,1,"full on middle, and worked off his pads to square leg for a quick single","Faheem Ashraf to van der Dussen, 1 run",0,681117,Faheem Ashraf,0,1,0,0.1,1,922943,Shadab Khan,0,12,1,2.0,22,337790,Rassie van der Dussen,41,34,2,2,540316,Andile Phehlukwayo,4,2,1,0,1,False,0,0,0,0,0,12,3,1,False,,False,False,6.35,0,67,0,4,0,1,1,0,71
run,3,South Africa,7,Pakistan,2nd innings,1,"back of a length on middle, and he rides the bounce, before muscling a cut shot to deep point","Faheem Ashraf to Phehlukwayo, 1 run",0,681117,Faheem Ashraf,0,2,0,0.2,2,922943,Shadab Khan,0,12,1,2.0,22,540316,Andile Phehlukwayo,5,3,1,0,337790,Rassie van der Dussen,41,34,2,2,2,False,0,0,0,0,0,12,3,1,False,,False,False,6.35,0,68,0,4,0,1,1,0,72
out,3,South Africa,7,Pakistan,2nd innings,0,"full toss, wide outside off as van der Dussen skips down the ground to generate some extra momentum. Slices the shot after being taken by surprise, and the lobbed ball finds the safe hands of Malik at mid-off","Faheem Ashraf to van der Dussen, OUT",0,681117,Faheem Ashraf,0,3,1,0.3,2,922943,Shadab Khan,0,12,1,2.0,22,337790,Rassie van der Dussen,41,35,2,2,540316,Andile Phehlukwayo,5,3,1,0,3,False,0,0,0,0,0,12,3,1,True,caught,False,HE van der Dussen c Shoaib Malik b Faheem Ashraf 41 (53m 35b 2x4 2x6) SR: 117.14,6.26,0,69,0,5,0,1,1,0,72
no run,3,South Africa,7,Pakistan,2nd innings,0,"length ball on off, and he rides the bounce to chop a cut to point. Can't beat the fielder though","Faheem Ashraf to Phehlukwayo, no run",0,681117,Faheem Ashraf,0,4,1,0.4,2,922943,Shadab Khan,0,12,1,2.0,22,540316,Andile Phehlukwayo,5,4,1,0,439952,Chris Morris,0,0,0,0,4,False,0,0,0,0,0,12,3,1,False,,False,False,6.17,0,70,0,5,0,1,1,0,72
no run,3,South Africa,7,Pakistan,2nd innings,0,"length ball on leg stump, and the attempted whip to square leg takes a leading edge. Ball rolls back to Faheem","Faheem Ashraf to Phehlukwayo, no run",0,681117,Faheem Ashraf,0,5,1,0.5,2,922943,Shadab Khan,0,12,1,2.0,22,540316,Andile Phehlukwayo,5,5,1,0,439952,Chris Morris,0,0,0,0,5,False,0,0,0,0,0,12,3,1,False,,False,False,6.08,0,71,0,5,0,1,1,0,72
wide,3,South Africa,7,Pakistan,2nd innings,1,"full on leg stump, and he misses the clip off his toes. Ball goes past his thigh guard, and that's been called a wide","Faheem Ashraf to Phehlukwayo, 1 wide",0,681117,Faheem Ashraf,0,5,1,0.5,3,922943,Shadab Khan,0,12,1,2.0,22,540316,Andile Phehlukwayo,5,5,1,0,439952,Chris Morris,0,0,0,0,6,False,0,0,1,0,0,12,3,1,False,,False,False,6.16,0,71,0,5,0,1,1,1,73
no run,3,South Africa,7,Pakistan,2nd innings,0,"length ball on middle, too close to his body for the cut. Mistimed to point","Faheem Ashraf to Phehlukwayo, no run",0,681117,Faheem Ashraf,0,6,1,1.0,3,922943,Shadab Khan,0,12,1,2.0,22,540316,Andile Phehlukwayo,5,6,1,0,439952,Chris Morris,0,0,0,0,7,True,0,0,0,0,0,12,3,1,False,,False,False,6.08,0,72,0,5,0,1,1,0,73
run,3,South Africa,7,Pakistan,2nd innings,1,,"Shadab Khan to Morris, 1 run",0,922943,Shadab Khan,0,13,1,2.1,23,681117,Faheem Ashraf,0,6,1,1.0,3,439952,Chris Morris,1,1,0,0,540316,Andile Phehlukwayo,5,6,1,0,1,False,0,0,0,0,0,13,7,1,False,,False,False,6.08,0,73,0,5,0,1,1,0,74
run,3,South Africa,7,Pakistan,2nd innings,1,"Phehlukwayo makes room and slashes the ball hard into the covers, and finds space for a single","Shadab Khan to Phehlukwayo, 1 run",0,922943,Shadab Khan,0,14,1,2.2,24,681117,Faheem Ashraf,0,6,1,1.0,3,540316,Andile Phehlukwayo,6,7,1,0,439952,Chris Morris,1,1,0,0,2,False,0,0,0,0,0,13,7,1,False,,False,False,6.08,0,74,0,5,0,1,1,0,75
run,3,South Africa,7,Pakistan,2nd innings,1,"turn and bounce for Shadab, but Morris works with it to shovel the ball out to deep cover","Shadab Khan to Morris, 1 run",0,922943,Shadab Khan,0,15,1,2.3,25,681117,Faheem Ashraf,0,6,1,1.0,3,439952,Chris Morris,2,2,0,0,540316,Andile Phehlukwayo,6,7,1,0,3,False,0,0,0,0,0,13,7,1,False,,False,False,6.08,0,75,0,5,0,1,1,0,76
four,3,South Africa,7,Pakistan,2nd innings,4,"<b>almost a collision between the fielders in the deep!</b> Phehlukwayo launched himself into a slog sweep but the ball went straight down the ground, where long on and long off converged on it. They almost ran into each other, and neither could stop the boundary","Shadab Khan to Phehlukwayo, FOUR runs",0,922943,Shadab Khan,0,16,1,2.4,29,681117,Faheem Ashraf,0,6,1,1.0,3,540316,Andile Phehlukwayo,10,8,2,0,439952,Chris Morris,2,2,0,0,4,False,0,0,0,0,0,13,7,1,False,,False,False,6.31,0,76,0,5,0,1,1,0,80
no run,3,South Africa,7,Pakistan,2nd innings,0,"reverse sweep from Phehlukwayo, but he misses the stroke","Shadab Khan to Phehlukwayo, no run",0,922943,Shadab Khan,0,17,1,2.5,29,681117,Faheem Ashraf,0,6,1,1.0,3,540316,Andile Phehlukwayo,10,9,2,0,439952,Chris Morris,2,2,0,0,5,False,0,0,0,0,0,13,7,1,False,,False,False,6.23,0,77,0,5,0,1,1,0,80
out,3,South Africa,7,Pakistan,2nd innings,0,"Shadab fires in a quicker ball as Phehlukwayo sets himself for another reverse sweep. There's a huge appeal, and he's given out! <b>Phehlukwayo reviews the decision</b>, but the replay only serves to confirm his demise. South Africa slide a little further","Shadab Khan to Phehlukwayo, OUT",0,922943,Shadab Khan,0,18,2,3.0,29,681117,Faheem Ashraf,0,6,1,1.0,3,540316,Andile Phehlukwayo,10,10,2,0,439952,Chris Morris,2,2,0,0,6,True,0,0,0,0,0,13,7,1,True,leg before wicket,False,AL Phehlukwayo lbw b Shadab Khan 10 (13m 10b 2x4 0x6) SR: 100.00,6.15,0,78,0,6,0,1,1,0,80
run,3,South Africa,7,Pakistan,2nd innings,2,Morris drives wide of long off and calls immediately for two,"Faheem Ashraf to Morris, 2 runs",0,681117,Faheem Ashraf,0,7,1,1.1,5,922943,Shadab Khan,0,18,2,3.0,29,439952,Chris Morris,4,3,0,0,379927,Beuran Hendricks,0,0,0,0,1,False,0,0,0,0,0,14,21,0,False,,False,False,6.22,0,79,0,6,0,1,1,0,82
four,3,South Africa,7,Pakistan,2nd innings,4,"<b>a full toss is hammered through extra cover!</b> Faheem dished up a hit-me ball outside off, and Morris cashed in","Faheem Ashraf to Morris, FOUR runs",0,681117,Faheem Ashraf,0,8,1,1.2,9,922943,Shadab Khan,0,18,2,3.0,29,439952,Chris Morris,8,4,1,0,379927,Beuran Hendricks,0,0,0,0,2,False,0,0,0,0,0,14,21,0,False,,False,False,6.45,0,80,0,6,0,1,1,0,86
six,3,South Africa,7,Pakistan,2nd innings,6,"<b>up onto the grass banks!</b> This match isn't over yet ... Faheem digs in a cross-seamed slower ball but Morris reads it well, stepping back and swiveling into a meaty pull in the air and over deep midwicket","Faheem Ashraf to Morris, SIX runs",0,681117,Faheem Ashraf,0,9,1,1.3,15,922943,Shadab Khan,0,18,2,3.0,29,439952,Chris Morris,14,5,1,1,379927,Beuran Hendricks,0,0,0,0,3,False,0,0,0,0,0,14,21,0,False,,False,False,6.81,0,81,0,6,0,1,1,0,92
four,3,South Africa,7,Pakistan,2nd innings,4,"<b>misfield brings four</b> and Morris is not giving up without a fight! Faheem adjusts his length again, aiming fuller, and Morris chipped the ball in the air to wide long on where the fielder was undone by some spin off the turf after it landed, letting the ball past him","Faheem Ashraf to Morris, FOUR runs",0,681117,Faheem Ashraf,0,10,1,1.4,19,922943,Shadab Khan,0,18,2,3.0,29,439952,Chris Morris,18,6,2,1,379927,Beuran Hendricks,0,0,0,0,4,False,0,0,0,0,0,14,21,0,False,,False,False,7.02,0,82,0,6,0,1,1,0,96
four,3,South Africa,7,Pakistan,2nd innings,4,"<b>and another!</b> Morris has power, but he can also place the ball, and does so perfectly with this shot, slicing his drive up and over backward point to find the gap and another boundary. That's 20 from the over so far!","Faheem Ashraf to Morris, FOUR runs",0,681117,Faheem Ashraf,0,11,1,1.5,23,922943,Shadab Khan,0,18,2,3.0,29,439952,Chris Morris,22,7,3,1,379927,Beuran Hendricks,0,0,0,0,5,False,0,0,0,0,0,14,21,0,False,,False,False,7.22,0,83,0,6,0,1,1,0,100
run,3,South Africa,7,Pakistan,2nd innings,1,"driven hard but straight to the cover sweeper, and in any case it's the result South Africa would have wanted as Morris keeps the strike","Faheem Ashraf to Morris, 1 run",0,681117,Faheem Ashraf,0,12,1,2.0,24,922943,Shadab Khan,0,18,2,3.0,29,439952,Chris Morris,23,8,3,1,379927,Beuran Hendricks,0,0,0,0,6,True,0,0,0,0,0,14,21,0,False,,False,False,7.21,0,84,0,6,0,1,1,0,101
run,3,South Africa,7,Pakistan,2nd innings,1,"Morris slices a cut at a ball that spins sharply away from him, but it's stopped at short third man so it's just the one","Shadab Khan to Morris, 1 run",0,922943,Shadab Khan,0,19,2,3.1,30,681117,Faheem Ashraf,0,12,1,2.0,24,439952,Chris Morris,24,9,3,1,379927,Beuran Hendricks,0,0,0,0,1,False,0,0,0,0,0,15,5,0,False,,False,False,7.2,0,85,0,6,0,1,1,0,102
run,3,South Africa,7,Pakistan,2nd innings,1,"Beuran does the job he needs to do, turning the strike back over with a single to long on","Shadab Khan to BE Hendricks, 1 run",0,922943,Shadab Khan,0,20,2,3.2,31,681117,Faheem Ashraf,0,12,1,2.0,24,379927,Beuran Hendricks,1,1,0,0,439952,Chris Morris,24,9,3,1,2,False,0,0,0,0,0,15,5,0,False,,False,False,7.18,0,86,0,6,0,1,1,0,103
run,3,South Africa,7,Pakistan,2nd innings,1,"Morris has a heave at a full one, but doesn't get the connection he wants, the ball dribbling through mid on","Shadab Khan to Morris, 1 run",0,922943,Shadab Khan,0,21,2,3.3,32,681117,Faheem Ashraf,0,12,1,2.0,24,439952,Chris Morris,25,10,3,1,379927,Beuran Hendricks,1,1,0,0,3,False,0,0,0,0,0,15,5,0,False,,False,False,7.17,0,87,0,6,0,1,1,0,104
no run,3,South Africa,7,Pakistan,2nd innings,0,"Shadab loops up a floaty, inviting delivery, but it's well outside off and spins further away from Beuran, who misses his stroke","Shadab Khan to BE Hendricks, no run",0,922943,Shadab Khan,0,22,2,3.4,32,681117,Faheem Ashraf,0,12,1,2.0,24,379927,Beuran Hendricks,1,2,0,0,439952,Chris Morris,25,10,3,1,4,False,0,0,0,0,0,15,5,0,False,,False,False,7.09,0,88,0,6,0,1,1,0,104
run,3,South Africa,7,Pakistan,2nd innings,2,"Beuran drives down to long off, and they hurry back for the second","Shadab Khan to BE Hendricks, 2 runs",0,922943,Shadab Khan,0,23,2,3.5,34,681117,Faheem Ashraf,0,12,1,2.0,24,379927,Beuran Hendricks,3,3,0,0,439952,Chris Morris,25,10,3,1,5,False,0,0,0,0,0,15,5,0,False,,False,False,7.14,0,89,0,6,0,1,1,0,106
no run,3,South Africa,7,Pakistan,2nd innings,0,"darted in flat on leg stump, and he's pinged on the pad","Shadab Khan to BE Hendricks, no run",0,922943,Shadab Khan,0,24,2,4.0,34,681117,Faheem Ashraf,0,12,1,2.0,24,379927,Beuran Hendricks,3,4,0,0,439952,Chris Morris,25,10,3,1,6,True,0,0,0,0,0,15,5,0,False,,False,False,7.06,0,90,0,6,0,1,1,0,106
run,3,South Africa,7,Pakistan,2nd innings,1,"very full, outside off, and Morris throws his hands through a drive out to deep cover","Mohammad Amir to Morris, 1 run",0,290948,Mohammad Amir,0,13,1,2.1,19,922943,Shadab Khan,0,24,2,4.0,34,439952,Chris Morris,26,11,3,1,379927,Beuran Hendricks,3,4,0,0,1,False,0,0,0,0,0,16,3,1,False,,False,False,7.05,0,91,0,6,0,1,1,0,107
no run,3,South Africa,7,Pakistan,2nd innings,0,"slower ball from Amir at just 120km/h, and Beuran can't do anything with it but tap the ball back at the bowler","Mohammad Amir to BE Hendricks, no run",0,290948,Mohammad Amir,0,14,1,2.2,19,922943,Shadab Khan,0,24,2,4.0,34,379927,Beuran Hendricks,3,5,0,0,439952,Chris Morris,26,11,3,1,2,False,0,0,0,0,0,16,3,1,False,,False,False,6.97,0,92,0,6,0,1,1,0,107
out,3,South Africa,7,Pakistan,2nd innings,0,"<b>bowled him!</b>. The last ball was a slower one, this was a quick yorker, and Beuran was late getting his bat down at it. Castled!","Mohammad Amir to BE Hendricks, OUT",0,290948,Mohammad Amir,0,15,2,2.3,19,922943,Shadab Khan,0,24,2,4.0,34,379927,Beuran Hendricks,3,6,0,0,439952,Chris Morris,26,11,3,1,3,False,0,0,0,0,0,16,3,1,True,bowled,False,BE Hendricks  b Mohammad Amir 3 (11m 6b 0x4 0x6) SR: 50.00,6.9,0,93,0,7,0,1,1,0,107
run,3,South Africa,7,Pakistan,2nd innings,1,"Dala puts bat to a dipping full toss outside off, getting enough of a connection to turn the strike back over to Morris","Mohammad Amir to Dala, 1 run",0,290948,Mohammad Amir,0,16,2,2.4,20,922943,Shadab Khan,0,24,2,4.0,34,545467,Junior Dala,1,1,0,0,439952,Chris Morris,26,11,3,1,4,False,0,0,0,0,0,16,3,1,False,,False,False,6.89,0,94,0,7,0,1,1,0,108
run,3,South Africa,7,Pakistan,2nd innings,1,"Amir pushes his line way outside off stump and Morris has to fetch the ball, getting it down the ground. He wants two, but Dala slips as he reaches his ground and it's not on","Mohammad Amir to Morris, 1 run",0,290948,Mohammad Amir,0,17,2,2.5,21,922943,Shadab Khan,0,24,2,4.0,34,439952,Chris Morris,27,12,3,1,545467,Junior Dala,1,1,0,0,5,False,0,0,0,0,0,16,3,1,False,,False,False,6.88,0,95,0,7,0,1,1,0,109
no run,3,South Africa,7,Pakistan,2nd innings,0,"pushed through on a length outside off, and Dala is in Test mode as he raises his hands high to let the ball through","Mohammad Amir to Dala, no run",0,290948,Mohammad Amir,0,18,2,3.0,21,922943,Shadab Khan,0,24,2,4.0,34,545467,Junior Dala,1,2,0,0,439952,Chris Morris,27,12,3,1,6,True,0,0,0,0,0,16,3,1,False,,False,False,6.81,0,96,0,7,0,1,1,0,109
run,3,South Africa,7,Pakistan,2nd innings,1,"Faheem fires in a full toss just outside off and Morris swings wildly at it, slicing the ball down to long off on the bounce","Faheem Ashraf to Morris, 1 run",0,681117,Faheem Ashraf,0,13,1,2.1,25,290948,Mohammad Amir,0,18,2,3.0,21,439952,Chris Morris,28,13,3,1,545467,Junior Dala,1,2,0,0,1,False,0,0,0,0,0,17,7,0,False,,False,False,6.8,0,97,0,7,0,1,1,0,110
run,3,South Africa,7,Pakistan,2nd innings,1,"driven through the field, and he finds space for a single","Faheem Ashraf to Dala, 1 run",0,681117,Faheem Ashraf,0,14,1,2.2,26,290948,Mohammad Amir,0,18,2,3.0,21,545467,Junior Dala,2,3,0,0,439952,Chris Morris,28,13,3,1,2,False,0,0,0,0,0,17,7,0,False,,False,False,6.79,0,98,0,7,0,1,1,0,111
run,3,South Africa,7,Pakistan,2nd innings,1,"Morris bellows in frustration as Faheem feeds him a full one but he can't make anything of it, just the one to long on","Faheem Ashraf to Morris, 1 run",0,681117,Faheem Ashraf,0,15,1,2.3,27,290948,Mohammad Amir,0,18,2,3.0,21,439952,Chris Morris,29,14,3,1,545467,Junior Dala,2,3,0,0,3,False,0,0,0,0,0,17,7,0,False,,False,False,6.78,0,99,0,7,0,1,1,0,112
run,3,South Africa,7,Pakistan,2nd innings,1,"Faheem attacks Dala's leg stump, but he gets enough bat on it to find a single to short fine leg","Faheem Ashraf to Dala, 1 run",0,681117,Faheem Ashraf,0,16,1,2.4,28,290948,Mohammad Amir,0,18,2,3.0,21,545467,Junior Dala,3,4,0,0,439952,Chris Morris,29,14,3,1,4,False,0,0,0,0,0,17,7,0,False,,False,False,6.78,0,100,0,7,0,1,1,0,113
run,3,South Africa,7,Pakistan,2nd innings,1,"with a new bat in hand, Morris slices underneath a slog down the ground, but the ball hits the turf in front of the long on fielder as he mistimed it so badly","Faheem Ashraf to Morris, 1 run",0,681117,Faheem Ashraf,0,17,1,2.5,29,290948,Mohammad Amir,0,18,2,3.0,21,439952,Chris Morris,30,15,3,1,545467,Junior Dala,3,4,0,0,5,False,0,0,0,0,0,17,7,0,False,,False,False,6.77,0,101,0,7,0,1,1,0,114
run,3,South Africa,7,Pakistan,2nd innings,2,"slugged across the line and out to wide long on, the batsmen hustling a second run","Faheem Ashraf to Dala, 2 runs",0,681117,Faheem Ashraf,0,18,1,3.0,31,290948,Mohammad Amir,0,18,2,3.0,21,545467,Junior Dala,5,5,0,0,439952,Chris Morris,30,15,3,1,6,True,0,0,0,0,0,17,7,0,False,,False,False,6.82,0,102,0,7,0,1,1,0,116
no run,3,South Africa,7,Pakistan,2nd innings,0,Morris throws everything into a slog but hits only fresh air as a length delivery bursts past his outside edge,"Mohammad Amir to Morris, no run",0,290948,Mohammad Amir,0,19,2,3.1,21,681117,Faheem Ashraf,0,18,1,3.0,31,439952,Chris Morris,30,16,3,1,545467,Junior Dala,5,5,0,0,1,False,0,0,0,0,0,18,6,1,False,,False,False,6.75,0,103,0,7,0,1,1,0,116
four,3,South Africa,7,Pakistan,2nd innings,4,"well, this new bat does indeed have a middle. Morris spots a long half volley on leg stump and just helps it on its way through square leg","Mohammad Amir to Morris, FOUR runs",0,290948,Mohammad Amir,0,20,2,3.2,25,681117,Faheem Ashraf,0,18,1,3.0,31,439952,Chris Morris,34,17,4,1,545467,Junior Dala,5,5,0,0,2,False,0,0,0,0,0,18,6,1,False,,False,False,6.92,0,104,0,7,0,1,1,0,120
run,3,South Africa,7,Pakistan,2nd innings,1,"Morris gets agricultural on a full ball from Amir, but it's too close to him to get underneath of and it's just the one","Mohammad Amir to Morris, 1 run",0,290948,Mohammad Amir,0,21,2,3.3,26,681117,Faheem Ashraf,0,18,1,3.0,31,439952,Chris Morris,35,18,4,1,545467,Junior Dala,5,5,0,0,3,False,0,0,0,0,0,18,6,1,False,,False,False,6.91,0,105,0,7,0,1,1,0,121
no run,3,South Africa,7,Pakistan,2nd innings,0,"Dala clears his front leg for a booming drive, but he can't lay bat to ball","Mohammad Amir to Dala, no run",0,290948,Mohammad Amir,0,22,2,3.4,26,681117,Faheem Ashraf,0,18,1,3.0,31,545467,Junior Dala,5,6,0,0,439952,Chris Morris,35,18,4,1,4,False,0,0,0,0,0,18,6,1,False,,False,False,6.84,0,106,0,7,0,1,1,0,121
out,3,South Africa,7,Pakistan,2nd innings,0,"this time Dala walks across to the off stump and targets the legside boundary with a big heave, but he gets more height than distance and Hasan holds an easy catch in the deep. The ball hit the very bottom of the bat","Mohammad Amir to Dala, OUT",0,290948,Mohammad Amir,0,23,3,3.5,26,681117,Faheem Ashraf,0,18,1,3.0,31,545467,Junior Dala,5,7,0,0,439952,Chris Morris,35,18,4,1,5,False,0,0,0,0,0,18,6,1,True,caught,False,CJ Dala c sub (Hasan Ali) b Mohammad Amir 5 (12m 7b 0x4 0x6) SR: 71.42,6.78,0,107,0,8,0,1,1,0,121
run,3,South Africa,7,Pakistan,2nd innings,1,"full, just outside off, and Morris keeps the strike by easing the ball out to the cover sweeper","Mohammad Amir to Morris, 1 run",0,290948,Mohammad Amir,0,24,3,4.0,27,681117,Faheem Ashraf,0,18,1,3.0,31,439952,Chris Morris,36,19,4,1,698143,Lutho Sipamla,0,0,0,0,6,True,0,0,0,0,0,18,6,1,False,,False,False,6.77,0,108,0,8,0,1,1,0,122
four,3,South Africa,7,Pakistan,2nd innings,4,"<b>down the ground, one bounce and over the rope</b>, Morris getting a great connection on a full ball","Faheem Ashraf to Morris, FOUR runs",0,681117,Faheem Ashraf,0,19,1,3.1,35,290948,Mohammad Amir,0,24,3,4.0,27,439952,Chris Morris,40,20,5,1,698143,Lutho Sipamla,0,0,0,0,1,False,0,0,0,0,0,19,7,1,False,,False,False,6.93,0,109,0,8,0,1,1,0,126
no run,3,South Africa,7,Pakistan,2nd innings,0,"that's better from Faheem, bustling in and firing in a pinpoint yorker at Morris' toes. All he can do is dig it out","Faheem Ashraf to Morris, no run",0,681117,Faheem Ashraf,0,20,1,3.2,35,290948,Mohammad Amir,0,24,3,4.0,27,439952,Chris Morris,40,21,5,1,698143,Lutho Sipamla,0,0,0,0,2,False,0,0,0,0,0,19,7,1,False,,False,False,6.87,0,110,0,8,0,1,1,0,126
run,3,South Africa,7,Pakistan,2nd innings,2,"clubbed out through midwicket, but along the ground as once again it's very full and Morris can't get under it. He calls immediately for two to get back on strike","Faheem Ashraf to Morris, 2 runs",0,681117,Faheem Ashraf,0,21,1,3.3,37,290948,Mohammad Amir,0,24,3,4.0,27,439952,Chris Morris,42,22,5,1,698143,Lutho Sipamla,0,0,0,0,3,False,0,0,0,0,0,19,7,1,False,,False,False,6.91,0,111,0,8,0,1,1,0,128
run,3,South Africa,7,Pakistan,2nd innings,1,"another fine yorker from Faheem, and Morris angles his jab down on it to find a single to cover","Faheem Ashraf to Morris, 1 run",0,681117,Faheem Ashraf,0,22,1,3.4,38,290948,Mohammad Amir,0,24,3,4.0,27,439952,Chris Morris,43,23,5,1,698143,Lutho Sipamla,0,0,0,0,4,False,0,0,0,0,0,19,7,1,False,,False,False,6.91,0,112,0,8,0,1,1,0,129
out,3,South Africa,7,Pakistan,2nd innings,0,"<b>Faheem's yorker is too good for Sipamla</b> and he's out to the very first ball he faces in international cricket. Full, straight, and the stumps are rattled. Pakistan close in on a consolation win","Faheem Ashraf to Sipamla, OUT",0,681117,Faheem Ashraf,0,23,2,3.5,38,290948,Mohammad Amir,0,24,3,4.0,27,698143,Lutho Sipamla,0,1,0,0,439952,Chris Morris,43,23,5,1,5,False,0,0,0,0,0,19,7,1,True,bowled,False,L Sipamla  b Faheem Ashraf 0 (5m 1b 0x4 0x6) SR: 0.00,6.84,0,113,0,9,0,1,1,0,129
no run,3,South Africa,7,Pakistan,2nd innings,0,"Faheem aims for another yorker, but it slips out as a low full toss that Shamsi nudges into the leg side","Faheem Ashraf to Shamsi, no run",0,681117,Faheem Ashraf,0,24,2,4.0,38,290948,Mohammad Amir,0,24,3,4.0,27,379145,Tabraiz Shamsi,0,1,0,0,439952,Chris Morris,43,23,5,1,6,True,0,0,0,0,0,19,7,1,False,,False,False,6.78,0,114,0,9,0,1,1,0,129
no run,3,South Africa,7,Pakistan,2nd innings,0,"<b>Afridi drops a caught and bowled chance!</b> This should have been the end. Morris almost swung himself off his feet trying to hit this over the rope, but top edged the shot. Afridi got under it himself, but the ball just popped out","Shaheen Shah Afridi to Morris, no run",0,1072470,Shaheen Afridi,0,19,1,3.1,11,681117,Faheem Ashraf,0,24,2,4.0,38,439952,Chris Morris,43,24,5,1,379145,Tabraiz Shamsi,0,1,0,0,1,False,0,0,0,0,0,20,12,0,False,,False,False,6.73,0,115,0,9,0,1,1,0,129
no run,3,South Africa,7,Pakistan,2nd innings,0,"canny slower ball from Afridi, and it has the beating of Morris outside off stump","Shaheen Shah Afridi to Morris, no run",0,1072470,Shaheen Afridi,0,20,1,3.2,11,681117,Faheem Ashraf,0,24,2,4.0,38,439952,Chris Morris,43,25,5,1,379145,Tabraiz Shamsi,0,1,0,0,2,False,0,0,0,0,0,20,12,0,False,,False,False,6.67,0,116,0,9,0,1,1,0,129
no run,3,South Africa,7,Pakistan,2nd innings,0,"a slice drive sends the ball bouncing out to deep cover, but Shamsi doesn't want the strike","Shaheen Shah Afridi to Morris, no run",0,1072470,Shaheen Afridi,0,21,1,3.3,11,681117,Faheem Ashraf,0,24,2,4.0,38,439952,Chris Morris,43,26,5,1,379145,Tabraiz Shamsi,0,1,0,0,3,False,0,0,0,0,0,20,12,0,False,,False,False,6.61,0,117,0,9,0,1,1,0,129
six,3,South Africa,7,Pakistan,2nd innings,6,<b>heaved onto the grass banks!</b> Morris eyes up a full ball in his half and sends it into the crowd beyond midwicket,"Shaheen Shah Afridi to Morris, SIX runs",0,1072470,Shaheen Afridi,0,22,1,3.4,17,681117,Faheem Ashraf,0,24,2,4.0,38,439952,Chris Morris,49,27,5,2,379145,Tabraiz Shamsi,0,1,0,0,4,False,0,0,0,0,0,20,12,0,False,,False,False,6.86,0,118,0,9,0,1,1,0,135
six,3,South Africa,7,Pakistan,2nd innings,6,"<b>a maiden T20I fifty for Chris Morris</b> and he gets it with another massive hit down the ground. Great knock, but not enough to turn the game","Shaheen Shah Afridi to Morris, SIX runs",0,1072470,Shaheen Afridi,0,23,1,3.5,23,681117,Faheem Ashraf,0,24,2,4.0,38,439952,Chris Morris,55,28,5,3,379145,Tabraiz Shamsi,0,1,0,0,5,False,0,0,0,0,0,20,12,0,False,,False,False,7.1,0,119,0,9,0,1,1,0,141
no run,3,South Africa,7,Pakistan,2nd innings,0,"Afridi ends the tour with a yorker on off stump that Morris digs out to point, and that's that!","Shaheen Shah Afridi to Morris, no run",0,1072470,Shaheen Afridi,0,24,1,4.0,23,681117,Faheem Ashraf,0,24,2,4.0,38,439952,Chris Morris,55,29,5,3,379145,Tabraiz Shamsi,0,1,0,0,6,True,0,0,0,0,0,20,12,0,False,,False,False,7.05,0,120,0,9,0,1,1,0,141
